1 21 330.00 301.50 1 27 26 25 24 23 22 21
1 21 345.00 301.50 1 27 26 25 24 23 22 21
1 21 360.00 301.50 1 27 26 25 24 23 22 21
1 21 375.00 301.50 1 27 26 25 24 23 22 21
1 21 390.00 301.50 1 27 26 25 24 23 22 21
1 21 405.00 301.50 1 27 26 25 24 23 22 21
1 21 420.00 301.50 1 27 26 25 24 23 22 21
1 21 430.00 301.50 1 27 26 25 24 23 22 21
1 21 440.00 301.50 1 27 26 25 24 23 22 21
1 21 450.00 301.50 1 27 26 25 24 23 22 21
1 21 460.00 301.50 1 27 26 25 24 23 22 21
1 21 470.00 301.50 1 27 26 25 24 23 22 21
1 21 500.00 301.50 1 27 26 25 24 23 22 21
1 21 530.00 301.50 1 27 26 25 24 23 22 21
1 21 540.00 301.50 1 27 26 25 24 23 22 21
1 21 550.00 301.50 1 27 26 25 24 23 22 21
1 21 560.00 301.50 1 27 26 25 24 23 22 21
1 21 570.00 301.50 1 27 26 25 24 23 22 21
1 21 660.00 301.50 1 27 26 25 24 23 22 21
1 21 690.00 301.50 1 27 26 25 24 23 22 21
1 21 720.00 301.50 1 27 26 25 24 23 22 21
1 21 750.00 301.50 1 27 26 25 24 23 22 21
1 21 780.00 301.50 1 27 26 25 24 23 22 21
1 21 810.00 301.50 1 27 26 25 24 23 22 21
1 21 840.00 301.50 1 27 26 25 24 23 22 21
1 21 870.00 301.50 1 27 26 25 24 23 22 21
1 21 900.00 301.50 1 27 26 25 24 23 22 21
1 21 915.00 301.50 1 27 26 25 24 23 22 21
1 21 930.00 301.50 1 27 26 25 24 23 22 21
1 21 940.00 301.50 1 27 26 25 24 23 22 21
1 21 950.00 301.50 1 27 26 25 24 23 22 21
1 21 960.00 301.50 1 27 26 25 24 23 22 21
1 21 990.00 301.50 1 27 26 25 24 23 22 21
1 21 1020.00 301.50 1 27 26 25 24 23 22 21
1 21 1050.00 301.50 1 27 26 25 24 23 22 21
1 21 1065.00 313.07 1 27 26 25 24 23 22 21
1 21 1080.00 331.50 1 27 26 25 24 23 22 21
1 21 1095.00 331.50 1 27 26 25 24 23 22 21
1 21 1110.00 331.50 1 27 26 25 24 23 22 21
1 21 1140.00 331.50 1 27 26 25 24 23 22 21
1 21 1155.00 340.05 1 27 26 25 24 23 22 21
1 21 1170.00 346.50 1 27 26 25 24 23 22 21
1 21 1185.00 346.50 1 27 26 25 24 23 22 21
1 21 1200.00 346.50 1 27 26 25 24 23 22 21
1 21 1230.00 346.50 1 27 26 25 24 23 22 21
1 21 1260.00 346.50 1 27 26 25 24 23 22 21
1 21 1290.00 346.50 1 27 26 25 24 23 22 21
1 21 1320.00 346.50 1 27 26 25 24 23 22 21
1 21 1335.00 318.33 1 27 26 25 24 23 22 21
1 21 1350.00 301.50 1 27 26 25 24 23 22 21
1 21 1365.00 301.50 1 27 26 25 24 23 22 21
1 21 1380.00 301.50 1 27 26 25 24 23 22 21
11 14 330.00 299.00 11 12 13 14
11 14 345.00 299.00 11 12 13 14
11 14 360.00 299.00 11 12 13 14
11 14 375.00 299.00 11 12 13 14
11 14 390.00 299.00 11 12 13 14
11 14 405.00 299.00 11 12 13 14
11 14 420.00 299.00 11 12 13 14
11 14 430.00 299.00 11 12 13 14
11 14 440.00 299.00 11 12 13 14
11 14 450.00 299.00 11 12 13 14
11 14 460.00 299.00 11 12 13 14
11 14 470.00 299.00 11 12 13 14
11 14 500.00 299.00 11 12 13 14
11 14 530.00 299.00 11 12 13 14
11 14 540.00 299.00 11 12 13 14
11 14 550.00 299.00 11 12 13 14
11 14 560.00 299.00 11 12 13 14
11 14 570.00 299.00 11 12 13 14
11 14 660.00 299.00 11 12 13 14
11 14 690.00 299.00 11 12 13 14
11 14 720.00 299.00 11 12 13 14
11 14 750.00 299.00 11 12 13 14
11 14 780.00 299.00 11 12 13 14
11 14 810.00 299.00 11 12 13 14
11 14 840.00 299.00 11 12 13 14
11 14 870.00 299.00 11 12 13 14
11 14 900.00 299.00 11 12 13 14
11 14 915.00 299.00 11 12 13 14
11 14 930.00 299.00 11 12 13 14
11 14 940.00 299.00 11 12 13 14
11 14 950.00 299.00 11 12 13 14
11 14 960.00 299.00 11 12 13 14
11 14 990.00 299.00 11 12 13 14
11 14 1020.00 299.00 11 12 13 14
11 14 1050.00 299.00 11 12 13 14
11 14 1065.00 299.00 11 12 13 14
11 14 1080.00 299.00 11 12 13 14
11 14 1095.00 299.00 11 12 13 14
11 14 1110.00 299.00 11 12 13 14
11 14 1140.00 299.00 11 12 13 14
11 14 1155.00 299.00 11 12 13 14
11 14 1170.00 299.00 11 12 13 14
11 14 1185.00 299.00 11 12 13 14
11 14 1200.00 299.00 11 12 13 14
11 14 1230.00 299.00 11 12 13 14
11 14 1260.00 299.00 11 12 13 14
11 14 1290.00 299.00 11 12 13 14
11 14 1320.00 299.00 11 12 13 14
11 14 1335.00 299.00 11 12 13 14
11 14 1350.00 299.00 11 12 13 14
11 14 1365.00 299.00 11 12 13 14
11 14 1380.00 299.00 11 12 13 14
14 15 330.00 61.00 14 15
14 15 345.00 61.00 14 15
14 15 360.00 61.00 14 15
14 15 375.00 61.00 14 15
14 15 390.00 61.00 14 15
14 15 405.00 61.00 14 15
14 15 420.00 61.00 14 15
14 15 430.00 61.00 14 15
14 15 440.00 61.00 14 15
14 15 450.00 61.00 14 15
14 15 460.00 61.00 14 15
14 15 470.00 61.00 14 15
14 15 500.00 61.00 14 15
14 15 530.00 61.00 14 15
14 15 540.00 61.00 14 15
14 15 550.00 61.00 14 15
14 15 560.00 61.00 14 15
14 15 570.00 61.00 14 15
14 15 660.00 61.00 14 15
14 15 690.00 61.00 14 15
14 15 720.00 61.00 14 15
14 15 750.00 61.00 14 15
14 15 780.00 61.00 14 15
14 15 810.00 61.00 14 15
14 15 840.00 61.00 14 15
14 15 870.00 61.00 14 15
14 15 900.00 61.00 14 15
14 15 915.00 61.00 14 15
14 15 930.00 61.00 14 15
14 15 940.00 61.00 14 15
14 15 950.00 61.00 14 15
14 15 960.00 61.00 14 15
14 15 990.00 61.00 14 15
14 15 1020.00 61.00 14 15
14 15 1050.00 61.00 14 15
14 15 1065.00 61.00 14 15
14 15 1080.00 61.00 14 15
14 15 1095.00 61.00 14 15
14 15 1110.00 61.00 14 15
14 15 1140.00 61.00 14 15
14 15 1155.00 61.00 14 15
14 15 1170.00 61.00 14 15
14 15 1185.00 61.00 14 15
14 15 1200.00 61.00 14 15
14 15 1230.00 61.00 14 15
14 15 1260.00 61.00 14 15
14 15 1290.00 61.00 14 15
14 15 1320.00 61.00 14 15
14 15 1335.00 61.00 14 15
14 15 1350.00 61.00 14 15
14 15 1365.00 61.00 14 15
14 15 1380.00 61.00 14 15
15 3 330.00 435.00 15 98 45 46 47 48 49 22 4 3
15 3 345.00 435.00 15 98 45 46 47 48 49 22 4 3
15 3 360.00 459.00 15 98 16 17 8 7 6 5 22 4 3
15 3 375.00 463.25 15 98 16 17 8 7 6 5 22 4 3
15 3 390.00 469.00 15 98 16 17 8 7 6 5 22 4 3
15 3 405.00 509.19 15 98 16 17 8 7 6 5 22 4 3
15 3 420.00 517.00 15 98 45 46 20 6 5 22 4 3
15 3 430.00 517.00 15 98 45 46 20 6 5 22 4 3
15 3 440.00 517.00 15 98 45 46 20 6 5 22 4 3
15 3 450.00 517.00 15 98 45 46 20 6 5 22 4 3
15 3 460.00 517.00 15 98 45 46 20 6 5 22 4 3
15 3 470.00 517.00 15 98 45 46 20 6 5 22 4 3
15 3 500.00 517.00 15 98 45 46 20 6 5 22 4 3
15 3 530.00 517.00 15 98 45 46 20 6 5 22 4 3
15 3 540.00 517.00 15 98 45 46 20 6 5 22 4 3
15 3 550.00 517.00 15 98 45 46 20 6 5 22 4 3
15 3 560.00 510.63 15 98 16 17 8 7 6 5 22 4 3
15 3 570.00 509.00 15 98 16 17 8 7 6 5 22 4 3
15 3 660.00 435.00 15 98 45 46 47 48 49 22 4 3
15 3 690.00 435.00 15 98 45 46 47 48 49 22 4 3
15 3 720.00 435.00 15 98 45 46 47 48 49 22 4 3
15 3 750.00 435.00 15 98 45 46 47 48 49 22 4 3
15 3 780.00 435.00 15 98 45 46 47 48 49 22 4 3
15 3 810.00 435.00 15 98 45 46 47 48 49 22 4 3
15 3 840.00 435.00 15 98 45 46 47 48 49 22 4 3
15 3 870.00 435.00 15 98 45 46 47 48 49 22 4 3
15 3 900.00 435.00 15 98 45 46 47 48 49 22 4 3
15 3 915.00 435.00 15 98 45 46 47 48 49 22 4 3
15 3 930.00 435.00 15 98 45 46 47 48 49 22 4 3
15 3 940.00 435.00 15 98 45 46 47 48 49 22 4 3
15 3 950.00 435.00 15 98 45 46 47 48 49 22 4 3
15 3 960.00 435.00 15 98 45 46 47 48 49 22 4 3
15 3 990.00 435.00 15 98 45 46 47 48 49 22 4 3
15 3 1020.00 435.00 15 98 45 46 47 48 49 22 4 3
15 3 1050.00 435.00 15 98 45 46 47 48 49 22 4 3
15 3 1065.00 435.00 15 98 45 46 47 48 49 22 4 3
15 3 1080.00 435.00 15 98 45 46 47 48 49 22 4 3
15 3 1095.00 435.00 15 98 45 46 47 48 49 22 4 3
15 3 1110.00 435.00 15 98 45 46 47 48 49 22 4 3
15 3 1140.00 435.00 15 98 45 46 47 48 49 22 4 3
15 3 1155.00 435.00 15 98 45 46 47 48 49 22 4 3
15 3 1170.00 435.00 15 98 45 46 47 48 49 22 4 3
15 3 1185.00 435.00 15 98 45 46 47 48 49 22 4 3
15 3 1200.00 435.00 15 98 45 46 47 48 49 22 4 3
15 3 1230.00 435.00 15 98 45 46 47 48 49 22 4 3
15 3 1260.00 435.00 15 98 45 46 47 48 49 22 4 3
15 3 1290.00 435.00 15 98 45 46 47 48 49 22 4 3
15 3 1320.00 435.00 15 98 45 46 47 48 49 22 4 3
15 3 1335.00 435.00 15 98 45 46 47 48 49 22 4 3
15 3 1350.00 435.00 15 98 45 46 47 48 49 22 4 3
15 3 1365.00 435.00 15 98 45 46 47 48 49 22 4 3
15 3 1380.00 435.00 15 98 45 46 47 48 49 22 4 3
15 7 330.00 156.00 15 98 16 17 8 7
15 7 345.00 156.00 15 98 16 17 8 7
15 7 360.00 156.00 15 98 16 17 8 7
15 7 375.00 156.00 15 98 16 17 8 7
15 7 390.00 156.00 15 98 16 17 8 7
15 7 405.00 196.19 15 98 16 17 8 7
15 7 420.00 230.50 15 98 16 17 8 7
15 7 430.00 230.50 15 98 16 17 8 7
15 7 440.00 230.50 15 98 16 17 8 7
15 7 450.00 230.50 15 98 16 17 8 7
15 7 460.00 230.50 15 98 16 17 8 7
15 7 470.00 230.50 15 98 16 17 8 7
15 7 500.00 230.50 15 98 16 17 8 7
15 7 530.00 230.50 15 98 16 17 8 7
15 7 540.00 223.91 15 98 16 17 8 7
15 7 550.00 215.77 15 98 16 17 8 7
15 7 560.00 207.63 15 98 16 17 8 7
15 7 570.00 206.00 15 98 16 17 8 7
15 7 660.00 156.00 15 98 16 17 8 7
15 7 690.00 156.00 15 98 16 17 8 7
15 7 720.00 156.00 15 98 16 17 8 7
15 7 750.00 156.00 15 98 16 17 8 7
15 7 780.00 156.00 15 98 16 17 8 7
15 7 810.00 156.00 15 98 16 17 8 7
15 7 840.00 156.00 15 98 16 17 8 7
15 7 870.00 156.00 15 98 16 17 8 7
15 7 900.00 156.00 15 98 16 17 8 7
15 7 915.00 156.00 15 98 16 17 8 7
15 7 930.00 156.00 15 98 16 17 8 7
15 7 940.00 156.00 15 98 16 17 8 7
15 7 950.00 156.00 15 98 16 17 8 7
15 7 960.00 156.00 15 98 16 17 8 7
15 7 990.00 156.00 15 98 16 17 8 7
15 7 1020.00 156.00 15 98 16 17 8 7
15 7 1050.00 156.00 15 98 16 17 8 7
15 7 1065.00 156.00 15 98 16 17 8 7
15 7 1080.00 156.00 15 98 16 17 8 7
15 7 1095.00 156.00 15 98 16 17 8 7
15 7 1110.00 156.00 15 98 16 17 8 7
15 7 1140.00 156.00 15 98 16 17 8 7
15 7 1155.00 156.00 15 98 16 17 8 7
15 7 1170.00 156.00 15 98 16 17 8 7
15 7 1185.00 156.00 15 98 16 17 8 7
15 7 1200.00 156.00 15 98 16 17 8 7
15 7 1230.00 156.00 15 98 16 17 8 7
15 7 1260.00 156.00 15 98 16 17 8 7
15 7 1290.00 156.00 15 98 16 17 8 7
15 7 1320.00 156.00 15 98 16 17 8 7
15 7 1335.00 156.00 15 98 16 17 8 7
15 7 1350.00 156.00 15 98 16 17 8 7
15 7 1365.00 156.00 15 98 16 17 8 7
15 7 1380.00 156.00 15 98 16 17 8 7
19 11 330.00 270.00 19 8 9 10 11
19 11 345.00 270.00 19 8 9 10 11
19 11 360.00 270.00 19 8 9 10 11
19 11 375.00 270.00 19 8 9 10 11
19 11 390.00 270.00 19 8 9 10 11
19 11 405.00 270.00 19 8 9 10 11
19 11 420.00 270.00 19 8 9 10 11
19 11 430.00 270.00 19 8 9 10 11
19 11 440.00 270.00 19 8 9 10 11
19 11 450.00 270.00 19 8 9 10 11
19 11 460.00 270.00 19 8 9 10 11
19 11 470.00 270.00 19 8 9 10 11
19 11 500.00 270.00 19 8 9 10 11
19 11 530.00 270.00 19 8 9 10 11
19 11 540.00 270.00 19 8 9 10 11
19 11 550.00 270.00 19 8 9 10 11
19 11 560.00 270.00 19 8 9 10 11
19 11 570.00 270.00 19 8 9 10 11
19 11 660.00 270.00 19 8 9 10 11
19 11 690.00 270.00 19 8 9 10 11
19 11 720.00 270.00 19 8 9 10 11
19 11 750.00 270.00 19 8 9 10 11
19 11 780.00 270.00 19 8 9 10 11
19 11 810.00 270.00 19 8 9 10 11
19 11 840.00 270.00 19 8 9 10 11
19 11 870.00 270.00 19 8 9 10 11
19 11 900.00 270.00 19 8 9 10 11
19 11 915.00 270.00 19 8 9 10 11
19 11 930.00 270.00 19 8 9 10 11
19 11 940.00 270.00 19 8 9 10 11
19 11 950.00 270.00 19 8 9 10 11
19 11 960.00 270.00 19 8 9 10 11
19 11 990.00 270.00 19 8 9 10 11
19 11 1020.00 270.00 19 8 9 10 11
19 11 1050.00 270.00 19 8 9 10 11
19 11 1065.00 270.00 19 8 9 10 11
19 11 1080.00 270.00 19 8 9 10 11
19 11 1095.00 270.00 19 8 9 10 11
19 11 1110.00 270.00 19 8 9 10 11
19 11 1140.00 270.00 19 8 9 10 11
19 11 1155.00 270.00 19 8 9 10 11
19 11 1170.00 270.00 19 8 9 10 11
19 11 1185.00 270.00 19 8 9 10 11
19 11 1200.00 270.00 19 8 9 10 11
19 11 1230.00 270.00 19 8 9 10 11
19 11 1260.00 270.00 19 8 9 10 11
19 11 1290.00 270.00 19 8 9 10 11
19 11 1320.00 270.00 19 8 9 10 11
19 11 1335.00 270.00 19 8 9 10 11
19 11 1350.00 270.00 19 8 9 10 11
19 11 1365.00 270.00 19 8 9 10 11
19 11 1380.00 270.00 19 8 9 10 11
19 74 330.00 131.00 19 18 44 98 74
19 74 345.00 131.00 19 18 44 98 74
19 74 360.00 131.00 19 18 44 98 74
19 74 375.00 131.00 19 18 44 98 74
19 74 390.00 131.00 19 18 44 98 74
19 74 405.00 131.00 19 18 44 98 74
19 74 420.00 131.00 19 18 44 98 74
19 74 430.00 131.00 19 18 44 98 74
19 74 440.00 131.00 19 18 44 98 74
19 74 450.00 131.00 19 18 44 98 74
19 74 460.00 131.00 19 18 44 98 74
19 74 470.00 131.00 19 18 44 98 74
19 74 500.00 131.00 19 18 44 98 74
19 74 530.00 131.00 19 18 44 98 74
19 74 540.00 131.00 19 18 44 98 74
19 74 550.00 131.00 19 18 44 98 74
19 74 560.00 131.00 19 18 44 98 74
19 74 570.00 131.00 19 18 44 98 74
19 74 660.00 131.00 19 18 44 98 74
19 74 690.00 131.00 19 18 44 98 74
19 74 720.00 131.00 19 18 44 98 74
19 74 750.00 131.00 19 18 44 98 74
19 74 780.00 131.00 19 18 44 98 74
19 74 810.00 131.00 19 18 44 98 74
19 74 840.00 131.00 19 18 44 98 74
19 74 870.00 131.00 19 18 44 98 74
19 74 900.00 131.00 19 18 44 98 74
19 74 915.00 131.00 19 18 44 98 74
19 74 930.00 131.00 19 18 44 98 74
19 74 940.00 131.00 19 18 44 98 74
19 74 950.00 131.00 19 18 44 98 74
19 74 960.00 131.00 19 18 44 98 74
19 74 990.00 131.00 19 18 44 98 74
19 74 1020.00 131.00 19 18 44 98 74
19 74 1050.00 131.00 19 18 44 98 74
19 74 1065.00 131.00 19 18 44 98 74
19 74 1080.00 131.00 19 18 44 98 74
19 74 1095.00 131.00 19 18 44 98 74
19 74 1110.00 131.00 19 18 44 98 74
19 74 1140.00 131.00 19 18 44 98 74
19 74 1155.00 131.00 19 18 44 98 74
19 74 1170.00 131.00 19 18 44 98 74
19 74 1185.00 131.00 19 18 44 98 74
19 74 1200.00 131.00 19 18 44 98 74
19 74 1230.00 131.00 19 18 44 98 74
19 74 1260.00 131.00 19 18 44 98 74
19 74 1290.00 131.00 19 18 44 98 74
19 74 1320.00 131.00 19 18 44 98 74
19 74 1335.00 131.00 19 18 44 98 74
19 74 1350.00 131.00 19 18 44 98 74
19 74 1365.00 131.00 19 18 44 98 74
19 74 1380.00 131.00 19 18 44 98 74
21 19 330.00 187.50 21 20 19
21 19 345.00 187.50 21 20 19
21 19 360.00 187.50 21 20 19
21 19 375.00 187.50 21 20 19
21 19 390.00 187.50 21 20 19
21 19 405.00 187.50 21 20 19
21 19 420.00 187.50 21 20 19
21 19 430.00 187.50 21 20 19
21 19 440.00 187.50 21 20 19
21 19 450.00 187.50 21 20 19
21 19 460.00 187.50 21 20 19
21 19 470.00 187.50 21 20 19
21 19 500.00 187.50 21 20 19
21 19 530.00 187.50 21 20 19
21 19 540.00 187.50 21 20 19
21 19 550.00 187.50 21 20 19
21 19 560.00 187.50 21 20 19
21 19 570.00 187.50 21 20 19
21 19 660.00 187.50 21 20 19
21 19 690.00 187.50 21 20 19
21 19 720.00 187.50 21 20 19
21 19 750.00 187.50 21 20 19
21 19 780.00 187.50 21 20 19
21 19 810.00 187.50 21 20 19
21 19 840.00 187.50 21 20 19
21 19 870.00 187.50 21 20 19
21 19 900.00 187.50 21 20 19
21 19 915.00 187.50 21 20 19
21 19 930.00 187.50 21 20 19
21 19 940.00 187.50 21 20 19
21 19 950.00 187.50 21 20 19
21 19 960.00 187.50 21 20 19
21 19 990.00 187.50 21 20 19
21 19 1020.00 187.50 21 20 19
21 19 1050.00 187.50 21 20 19
21 19 1065.00 187.50 21 20 19
21 19 1080.00 190.63 21 20 19
21 19 1095.00 196.88 21 20 19
21 19 1110.00 197.50 21 20 19
21 19 1140.00 197.50 21 20 19
21 19 1155.00 197.50 21 20 19
21 19 1170.00 201.15 21 20 19
21 19 1185.00 206.92 21 20 19
21 19 1200.00 207.50 21 20 19
21 19 1230.00 207.50 21 20 19
21 19 1260.00 207.50 21 20 19
21 19 1290.00 207.50 21 20 19
21 19 1320.00 207.50 21 20 19
21 19 1335.00 207.50 21 20 19
21 19 1350.00 199.29 21 20 19
21 19 1365.00 188.57 21 20 19
21 19 1380.00 187.50 21 20 19
27 21 330.00 273.50 27 26 25 24 23 22 21
27 21 345.00 273.50 27 26 25 24 23 22 21
27 21 360.00 273.50 27 26 25 24 23 22 21
27 21 375.00 273.50 27 26 25 24 23 22 21
27 21 390.00 273.50 27 26 25 24 23 22 21
27 21 405.00 273.50 27 26 25 24 23 22 21
27 21 420.00 273.50 27 26 25 24 23 22 21
27 21 430.00 273.50 27 26 25 24 23 22 21
27 21 440.00 273.50 27 26 25 24 23 22 21
27 21 450.00 273.50 27 26 25 24 23 22 21
27 21 460.00 273.50 27 26 25 24 23 22 21
27 21 470.00 273.50 27 26 25 24 23 22 21
27 21 500.00 273.50 27 26 25 24 23 22 21
27 21 530.00 273.50 27 26 25 24 23 22 21
27 21 540.00 273.50 27 26 25 24 23 22 21
27 21 550.00 273.50 27 26 25 24 23 22 21
27 21 560.00 273.50 27 26 25 24 23 22 21
27 21 570.00 273.50 27 26 25 24 23 22 21
27 21 660.00 273.50 27 26 25 24 23 22 21
27 21 690.00 273.50 27 26 25 24 23 22 21
27 21 720.00 273.50 27 26 25 24 23 22 21
27 21 750.00 273.50 27 26 25 24 23 22 21
27 21 780.00 273.50 27 26 25 24 23 22 21
27 21 810.00 273.50 27 26 25 24 23 22 21
27 21 840.00 273.50 27 26 25 24 23 22 21
27 21 870.00 273.50 27 26 25 24 23 22 21
27 21 900.00 273.50 27 26 25 24 23 22 21
27 21 915.00 273.50 27 26 25 24 23 22 21
27 21 930.00 273.50 27 26 25 24 23 22 21
27 21 940.00 273.50 27 26 25 24 23 22 21
27 21 950.00 273.50 27 26 25 24 23 22 21
27 21 960.00 273.50 27 26 25 24 23 22 21
27 21 990.00 273.50 27 26 25 24 23 22 21
27 21 1020.00 273.50 27 26 25 24 23 22 21
27 21 1050.00 273.50 27 26 25 24 23 22 21
27 21 1065.00 273.50 27 26 25 24 23 22 21
27 21 1080.00 303.50 27 26 25 24 23 22 21
27 21 1095.00 303.50 27 26 25 24 23 22 21
27 21 1110.00 303.50 27 26 25 24 23 22 21
27 21 1140.00 303.50 27 26 25 24 23 22 21
27 21 1155.00 307.85 27 26 25 24 23 22 21
27 21 1170.00 318.50 27 26 25 24 23 22 21
27 21 1185.00 318.50 27 26 25 24 23 22 21
27 21 1200.00 318.50 27 26 25 24 23 22 21
27 21 1230.00 318.50 27 26 25 24 23 22 21
27 21 1260.00 318.50 27 26 25 24 23 22 21
27 21 1290.00 318.50 27 26 25 24 23 22 21
27 21 1320.00 318.50 27 26 25 24 23 22 21
27 21 1335.00 301.28 27 26 25 24 23 22 21
27 21 1350.00 273.50 27 26 25 24 23 22 21
27 21 1365.00 273.50 27 26 25 24 23 22 21
27 21 1380.00 273.50 27 26 25 24 23 22 21
27 34 330.00 266.50 27 28 29 30 31 32 33 34
27 34 345.00 266.50 27 28 29 30 31 32 33 34
27 34 360.00 266.50 27 28 29 30 31 32 33 34
27 34 375.00 266.50 27 28 29 30 31 32 33 34
27 34 390.00 266.50 27 28 29 30 31 32 33 34
27 34 405.00 266.50 27 28 29 30 31 32 33 34
27 34 420.00 266.50 27 28 29 30 31 32 33 34
27 34 430.00 266.50 27 28 29 30 31 32 33 34
27 34 440.00 266.50 27 28 29 30 31 32 33 34
27 34 450.00 266.50 27 28 29 30 31 32 33 34
27 34 460.00 266.50 27 28 29 30 31 32 33 34
27 34 470.00 266.50 27 28 29 30 31 32 33 34
27 34 500.00 266.50 27 28 29 30 31 32 33 34
27 34 530.00 266.50 27 28 29 30 31 32 33 34
27 34 540.00 266.50 27 28 29 30 31 32 33 34
27 34 550.00 266.50 27 28 29 30 31 32 33 34
27 34 560.00 266.50 27 28 29 30 31 32 33 34
27 34 570.00 266.50 27 28 29 30 31 32 33 34
27 34 660.00 266.50 27 28 29 30 31 32 33 34
27 34 690.00 266.50 27 28 29 30 31 32 33 34
27 34 720.00 266.50 27 28 29 30 31 32 33 34
27 34 750.00 266.50 27 28 29 30 31 32 33 34
27 34 780.00 266.50 27 28 29 30 31 32 33 34
27 34 810.00 266.50 27 28 29 30 31 32 33 34
27 34 840.00 266.50 27 28 29 30 31 32 33 34
27 34 870.00 266.50 27 28 29 30 31 32 33 34
27 34 900.00 266.50 27 28 29 30 31 32 33 34
27 34 915.00 266.50 27 28 29 30 31 32 33 34
27 34 930.00 266.50 27 28 29 30 31 32 33 34
27 34 940.00 266.50 27 28 29 30 31 32 33 34
27 34 950.00 266.50 27 28 29 30 31 32 33 34
27 34 960.00 266.50 27 28 29 30 31 32 33 34
27 34 990.00 266.50 27 28 29 30 31 32 33 34
27 34 1020.00 266.50 27 28 29 30 31 32 33 34
27 34 1050.00 266.50 27 28 29 30 31 32 33 34
27 34 1065.00 271.34 27 28 29 30 31 32 33 34
27 34 1080.00 288.23 27 28 29 30 31 32 33 34
27 34 1095.00 305.54 27 28 29 30 31 32 33 34
27 34 1110.00 316.50 27 28 29 30 31 32 33 34
27 34 1140.00 316.50 27 28 29 30 31 32 33 34
27 34 1155.00 329.12 27 28 29 30 31 32 33 34
27 34 1170.00 340.50 27 28 29 30 31 32 33 34
27 34 1185.00 349.38 27 28 29 30 31 32 33 34
27 34 1200.00 352.50 27 28 29 30 31 32 33 34
27 34 1230.00 352.50 27 28 29 30 31 32 33 34
27 34 1260.00 352.50 27 28 29 30 31 32 33 34
27 34 1290.00 352.50 27 28 29 30 31 32 33 34
27 34 1320.00 342.55 27 28 29 30 31 32 33 34
27 34 1335.00 319.58 27 28 29 30 31 32 33 34
27 34 1350.00 303.50 27 28 29 30 31 32 33 34
27 34 1365.00 274.55 27 28 29 30 31 32 33 34
27 34 1380.00 266.50 27 28 29 30 31 32 33 34
3 1 330.00 143.50 3 2 1
3 1 345.00 143.50 3 2 1
3 1 360.00 143.50 3 2 1
3 1 375.00 143.50 3 2 1
3 1 390.00 143.50 3 2 1
3 1 405.00 153.83 3 2 1
3 1 420.00 172.50 3 2 1
3 1 430.00 172.50 3 2 1
3 1 440.00 172.50 3 2 1
3 1 450.00 172.50 3 2 1
3 1 460.00 172.50 3 2 1
3 1 470.00 172.50 3 2 1
3 1 500.00 172.50 3 2 1
3 1 530.00 172.50 3 2 1
3 1 540.00 172.50 3 2 1
3 1 550.00 167.18 3 2 1
3 1 560.00 161.34 3 2 1
3 1 570.00 155.50 3 2 1
3 1 660.00 143.50 3 2 1
3 1 690.00 143.50 3 2 1
3 1 720.00 143.50 3 2 1
3 1 750.00 143.50 3 2 1
3 1 780.00 143.50 3 2 1
3 1 810.00 143.50 3 2 1
3 1 840.00 143.50 3 2 1
3 1 870.00 143.50 3 2 1
3 1 900.00 143.50 3 2 1
3 1 915.00 143.50 3 2 1
3 1 930.00 143.50 3 2 1
3 1 940.00 143.50 3 2 1
3 1 950.00 143.50 3 2 1
3 1 960.00 143.50 3 2 1
3 1 990.00 143.50 3 2 1
3 1 1020.00 143.50 3 2 1
3 1 1050.00 143.50 3 2 1
3 1 1065.00 143.50 3 2 1
3 1 1080.00 143.50 3 2 1
3 1 1095.00 143.50 3 2 1
3 1 1110.00 143.50 3 2 1
3 1 1140.00 143.50 3 2 1
3 1 1155.00 143.50 3 2 1
3 1 1170.00 143.50 3 2 1
3 1 1185.00 143.50 3 2 1
3 1 1200.00 143.50 3 2 1
3 1 1230.00 143.50 3 2 1
3 1 1260.00 143.50 3 2 1
3 1 1290.00 143.50 3 2 1
3 1 1320.00 143.50 3 2 1
3 1 1335.00 143.50 3 2 1
3 1 1350.00 143.50 3 2 1
3 1 1365.00 143.50 3 2 1
3 1 1380.00 143.50 3 2 1
34 35 330.00 99.00 34 35
34 35 345.00 99.00 34 35
34 35 360.00 99.00 34 35
34 35 375.00 99.00 34 35
34 35 390.00 99.00 34 35
34 35 405.00 99.00 34 35
34 35 420.00 99.00 34 35
34 35 430.00 99.00 34 35
34 35 440.00 99.00 34 35
34 35 450.00 99.00 34 35
34 35 460.00 99.00 34 35
34 35 470.00 99.00 34 35
34 35 500.00 99.00 34 35
34 35 530.00 99.00 34 35
34 35 540.00 99.00 34 35
34 35 550.00 99.00 34 35
34 35 560.00 99.00 34 35
34 35 570.00 99.00 34 35
34 35 660.00 99.00 34 35
34 35 690.00 99.00 34 35
34 35 720.00 99.00 34 35
34 35 750.00 99.00 34 35
34 35 780.00 99.00 34 35
34 35 810.00 99.00 34 35
34 35 840.00 99.00 34 35
34 35 870.00 99.00 34 35
34 35 900.00 99.00 34 35
34 35 915.00 99.00 34 35
34 35 930.00 99.00 34 35
34 35 940.00 99.00 34 35
34 35 950.00 99.00 34 35
34 35 960.00 99.00 34 35
34 35 990.00 99.00 34 35
34 35 1020.00 99.00 34 35
34 35 1050.00 99.00 34 35
34 35 1065.00 99.00 34 35
34 35 1080.00 99.00 34 35
34 35 1095.00 99.00 34 35
34 35 1110.00 99.00 34 35
34 35 1140.00 99.00 34 35
34 35 1155.00 99.00 34 35
34 35 1170.00 99.00 34 35
34 35 1185.00 99.00 34 35
34 35 1200.00 99.00 34 35
34 35 1230.00 99.00 34 35
34 35 1260.00 99.00 34 35
34 35 1290.00 99.00 34 35
34 35 1320.00 99.00 34 35
34 35 1335.00 99.00 34 35
34 35 1350.00 99.00 34 35
34 35 1365.00 99.00 34 35
34 35 1380.00 99.00 34 35
35 38 330.00 170.00 35 36 37 38
35 38 345.00 170.00 35 36 37 38
35 38 360.00 170.00 35 36 37 38
35 38 375.00 170.00 35 36 37 38
35 38 390.00 170.00 35 36 37 38
35 38 405.00 170.00 35 36 37 38
35 38 420.00 170.00 35 36 37 38
35 38 430.00 170.00 35 36 37 38
35 38 440.00 170.00 35 36 37 38
35 38 450.00 170.00 35 36 37 38
35 38 460.00 170.00 35 36 37 38
35 38 470.00 170.00 35 36 37 38
35 38 500.00 170.00 35 36 37 38
35 38 530.00 170.00 35 36 37 38
35 38 540.00 170.00 35 36 37 38
35 38 550.00 170.00 35 36 37 38
35 38 560.00 170.00 35 36 37 38
35 38 570.00 170.00 35 36 37 38
35 38 660.00 170.00 35 36 37 38
35 38 690.00 170.00 35 36 37 38
35 38 720.00 170.00 35 36 37 38
35 38 750.00 170.00 35 36 37 38
35 38 780.00 170.00 35 36 37 38
35 38 810.00 170.00 35 36 37 38
35 38 840.00 170.00 35 36 37 38
35 38 870.00 170.00 35 36 37 38
35 38 900.00 170.00 35 36 37 38
35 38 915.00 170.00 35 36 37 38
35 38 930.00 170.00 35 36 37 38
35 38 940.00 170.00 35 36 37 38
35 38 950.00 170.00 35 36 37 38
35 38 960.00 170.00 35 36 37 38
35 38 990.00 170.00 35 36 37 38
35 38 1020.00 170.00 35 36 37 38
35 38 1050.00 170.00 35 36 37 38
35 38 1065.00 170.00 35 36 37 38
35 38 1080.00 170.00 35 36 37 38
35 38 1095.00 182.69 35 36 37 38
35 38 1110.00 200.00 35 36 37 38
35 38 1140.00 200.00 35 36 37 38
35 38 1155.00 200.00 35 36 37 38
35 38 1170.00 201.56 35 36 37 38
35 38 1185.00 213.28 35 36 37 38
35 38 1200.00 225.00 35 36 37 38
35 38 1230.00 225.00 35 36 37 38
35 38 1260.00 225.00 35 36 37 38
35 38 1290.00 225.00 35 36 37 38
35 38 1320.00 225.00 35 36 37 38
35 38 1335.00 225.00 35 36 37 38
35 38 1350.00 214.59 35 36 37 38
35 38 1365.00 192.30 35 36 37 38
35 38 1380.00 170.00 35 36 37 38
38 41 330.00 140.00 38 39 40 41
38 41 345.00 140.00 38 39 40 41
38 41 360.00 140.00 38 39 40 41
38 41 375.00 140.00 38 39 40 41
38 41 390.00 140.00 38 39 40 41
38 41 405.00 140.00 38 39 40 41
38 41 420.00 140.00 38 39 40 41
38 41 430.00 140.00 38 39 40 41
38 41 440.00 140.00 38 39 40 41
38 41 450.00 140.00 38 39 40 41
38 41 460.00 140.00 38 39 40 41
38 41 470.00 140.00 38 39 40 41
38 41 500.00 140.00 38 39 40 41
38 41 530.00 140.00 38 39 40 41
38 41 540.00 140.00 38 39 40 41
38 41 550.00 140.00 38 39 40 41
38 41 560.00 140.00 38 39 40 41
38 41 570.00 140.00 38 39 40 41
38 41 660.00 140.00 38 39 40 41
38 41 690.00 140.00 38 39 40 41
38 41 720.00 140.00 38 39 40 41
38 41 750.00 140.00 38 39 40 41
38 41 780.00 140.00 38 39 40 41
38 41 810.00 140.00 38 39 40 41
38 41 840.00 140.00 38 39 40 41
38 41 870.00 140.00 38 39 40 41
38 41 900.00 140.00 38 39 40 41
38 41 915.00 140.00 38 39 40 41
38 41 930.00 140.00 38 39 40 41
38 41 940.00 140.00 38 39 40 41
38 41 950.00 140.00 38 39 40 41
38 41 960.00 140.00 38 39 40 41
38 41 990.00 140.00 38 39 40 41
38 41 1020.00 140.00 38 39 40 41
38 41 1050.00 140.00 38 39 40 41
38 41 1065.00 140.00 38 39 40 41
38 41 1080.00 140.00 38 39 40 41
38 41 1095.00 143.75 38 39 40 41
38 41 1110.00 155.00 38 39 40 41
38 41 1140.00 155.00 38 39 40 41
38 41 1155.00 155.00 38 39 40 41
38 41 1170.00 155.00 38 39 40 41
38 41 1185.00 160.22 38 39 40 41
38 41 1200.00 170.00 38 39 40 41
38 41 1230.00 170.00 38 39 40 41
38 41 1260.00 170.00 38 39 40 41
38 41 1290.00 170.00 38 39 40 41
38 41 1320.00 170.00 38 39 40 41
38 41 1335.00 170.00 38 39 40 41
38 41 1350.00 170.00 38 39 40 41
38 41 1365.00 157.31 38 39 40 41
38 41 1380.00 140.00 38 39 40 41
41 43 330.00 170.00 41 42 43
41 43 345.00 170.00 41 42 43
41 43 360.00 170.00 41 42 43
41 43 375.00 170.00 41 42 43
41 43 390.00 170.00 41 42 43
41 43 405.00 170.00 41 42 43
41 43 420.00 170.00 41 42 43
41 43 430.00 170.00 41 42 43
41 43 440.00 170.00 41 42 43
41 43 450.00 170.00 41 42 43
41 43 460.00 170.00 41 42 43
41 43 470.00 170.00 41 42 43
41 43 500.00 170.00 41 42 43
41 43 530.00 170.00 41 42 43
41 43 540.00 170.00 41 42 43
41 43 550.00 170.00 41 42 43
41 43 560.00 170.00 41 42 43
41 43 570.00 170.00 41 42 43
41 43 660.00 170.00 41 42 43
41 43 690.00 170.00 41 42 43
41 43 720.00 170.00 41 42 43
41 43 750.00 170.00 41 42 43
41 43 780.00 170.00 41 42 43
41 43 810.00 170.00 41 42 43
41 43 840.00 170.00 41 42 43
41 43 870.00 170.00 41 42 43
41 43 900.00 170.00 41 42 43
41 43 915.00 170.00 41 42 43
41 43 930.00 170.00 41 42 43
41 43 940.00 170.00 41 42 43
41 43 950.00 170.00 41 42 43
41 43 960.00 170.00 41 42 43
41 43 990.00 170.00 41 42 43
41 43 1020.00 170.00 41 42 43
41 43 1050.00 170.00 41 42 43
41 43 1065.00 170.00 41 42 43
41 43 1080.00 170.00 41 42 43
41 43 1095.00 170.00 41 42 43
41 43 1110.00 170.00 41 42 43
41 43 1140.00 170.00 41 42 43
41 43 1155.00 170.00 41 42 43
41 43 1170.00 170.00 41 42 43
41 43 1185.00 170.00 41 42 43
41 43 1200.00 170.00 41 42 43
41 43 1230.00 170.00 41 42 43
41 43 1260.00 170.00 41 42 43
41 43 1290.00 170.00 41 42 43
41 43 1320.00 170.00 41 42 43
41 43 1335.00 170.00 41 42 43
41 43 1350.00 170.00 41 42 43
41 43 1365.00 170.00 41 42 43
41 43 1380.00 170.00 41 42 43
43 14 330.00 139.00 43 13 14
43 14 345.00 139.00 43 13 14
43 14 360.00 139.00 43 13 14
43 14 375.00 139.00 43 13 14
43 14 390.00 139.00 43 13 14
43 14 405.00 139.00 43 13 14
43 14 420.00 139.00 43 13 14
43 14 430.00 139.00 43 13 14
43 14 440.00 139.00 43 13 14
43 14 450.00 139.00 43 13 14
43 14 460.00 139.00 43 13 14
43 14 470.00 139.00 43 13 14
43 14 500.00 139.00 43 13 14
43 14 530.00 139.00 43 13 14
43 14 540.00 139.00 43 13 14
43 14 550.00 139.00 43 13 14
43 14 560.00 139.00 43 13 14
43 14 570.00 139.00 43 13 14
43 14 660.00 139.00 43 13 14
43 14 690.00 139.00 43 13 14
43 14 720.00 139.00 43 13 14
43 14 750.00 139.00 43 13 14
43 14 780.00 139.00 43 13 14
43 14 810.00 139.00 43 13 14
43 14 840.00 139.00 43 13 14
43 14 870.00 139.00 43 13 14
43 14 900.00 139.00 43 13 14
43 14 915.00 139.00 43 13 14
43 14 930.00 139.00 43 13 14
43 14 940.00 139.00 43 13 14
43 14 950.00 139.00 43 13 14
43 14 960.00 139.00 43 13 14
43 14 990.00 139.00 43 13 14
43 14 1020.00 139.00 43 13 14
43 14 1050.00 139.00 43 13 14
43 14 1065.00 139.00 43 13 14
43 14 1080.00 139.00 43 13 14
43 14 1095.00 139.00 43 13 14
43 14 1110.00 139.00 43 13 14
43 14 1140.00 139.00 43 13 14
43 14 1155.00 139.00 43 13 14
43 14 1170.00 139.00 43 13 14
43 14 1185.00 139.00 43 13 14
43 14 1200.00 139.00 43 13 14
43 14 1230.00 139.00 43 13 14
43 14 1260.00 139.00 43 13 14
43 14 1290.00 139.00 43 13 14
43 14 1320.00 139.00 43 13 14
43 14 1335.00 139.00 43 13 14
43 14 1350.00 139.00 43 13 14
43 14 1365.00 139.00 43 13 14
43 14 1380.00 139.00 43 13 14
58 57 330.00 161.00 58 99 31 56 57
58 57 345.00 161.00 58 99 31 56 57
58 57 360.00 161.00 58 99 31 56 57
58 57 375.00 161.00 58 99 31 56 57
58 57 390.00 173.50 58 99 31 56 57
58 57 405.00 219.50 58 99 31 56 57
58 57 420.00 351.00 58 99 31 56 57
58 57 430.00 351.00 58 99 31 56 57
58 57 440.00 351.00 58 99 31 56 57
58 57 450.00 351.00 58 99 31 56 57
58 57 460.00 351.00 58 99 31 56 57
58 57 470.00 351.00 58 99 31 56 57
58 57 500.00 350.74 58 99 31 56 57
58 57 530.00 322.39 58 99 31 56 57
58 57 540.00 316.79 58 99 31 56 57
58 57 550.00 311.19 58 99 31 56 57
58 57 560.00 305.60 58 99 31 56 57
58 57 570.00 300.00 58 99 31 56 57
58 57 660.00 161.00 58 99 31 56 57
58 57 690.00 161.00 58 99 31 56 57
58 57 720.00 161.00 58 99 31 56 57
58 57 750.00 161.00 58 99 31 56 57
58 57 780.00 161.00 58 99 31 56 57
58 57 810.00 161.00 58 99 31 56 57
58 57 840.00 161.00 58 99 31 56 57
58 57 870.00 161.00 58 99 31 56 57
58 57 900.00 161.00 58 99 31 56 57
58 57 915.00 161.00 58 99 31 56 57
58 57 930.00 161.00 58 99 31 56 57
58 57 940.00 161.00 58 99 31 56 57
58 57 950.00 161.00 58 99 31 56 57
58 57 960.00 161.00 58 99 31 56 57
58 57 990.00 161.00 58 99 31 56 57
58 57 1020.00 161.00 58 99 31 56 57
58 57 1050.00 161.00 58 99 31 56 57
58 57 1065.00 161.00 58 99 31 56 57
58 57 1080.00 161.00 58 99 31 56 57
58 57 1095.00 161.00 58 99 31 56 57
58 57 1110.00 161.00 58 99 31 56 57
58 57 1140.00 161.00 58 99 31 56 57
58 57 1155.00 161.00 58 99 31 56 57
58 57 1170.00 161.00 58 99 31 56 57
58 57 1185.00 161.00 58 99 31 56 57
58 57 1200.00 161.00 58 99 31 56 57
58 57 1230.00 161.00 58 99 31 56 57
58 57 1260.00 161.00 58 99 31 56 57
58 57 1290.00 161.00 58 99 31 56 57
58 57 1320.00 161.00 58 99 31 56 57
58 57 1335.00 161.00 58 99 31 56 57
58 57 1350.00 161.00 58 99 31 56 57
58 57 1365.00 161.00 58 99 31 56 57
58 57 1380.00 161.00 58 99 31 56 57
61 58 330.00 450.50 61 60 80 81 82 59 58
61 58 345.00 450.50 61 60 80 81 82 59 58
61 58 360.00 461.47 61 60 80 81 82 59 58
61 58 375.00 441.76 61 60 59 58
61 58 390.00 367.04 61 60 59 58
61 58 405.00 292.32 61 60 59 58
61 58 420.00 244.50 61 60 59 58
61 58 430.00 244.50 61 60 59 58
61 58 440.00 244.50 61 60 59 58
61 58 450.00 244.50 61 60 59 58
61 58 460.00 244.50 61 60 59 58
61 58 470.00 244.50 61 60 59 58
61 58 500.00 244.50 61 60 59 58
61 58 530.00 242.05 61 60 59 58
61 58 540.00 232.65 61 60 59 58
61 58 550.00 223.24 61 60 59 58
61 58 560.00 213.83 61 60 59 58
61 58 570.00 209.50 61 60 59 58
61 58 660.00 380.50 61 60 80 81 82 59 58
61 58 690.00 380.50 61 60 80 81 82 59 58
61 58 720.00 380.50 61 60 80 81 82 59 58
61 58 750.00 380.50 61 60 80 81 82 59 58
61 58 780.00 380.50 61 60 80 81 82 59 58
61 58 810.00 380.50 61 60 80 81 82 59 58
61 58 840.00 380.50 61 60 80 81 82 59 58
61 58 870.00 380.50 61 60 80 81 82 59 58
61 58 900.00 380.50 61 60 80 81 82 59 58
61 58 915.00 380.50 61 60 80 81 82 59 58
61 58 930.00 380.50 61 60 80 81 82 59 58
61 58 940.00 380.50 61 60 80 81 82 59 58
61 58 950.00 380.50 61 60 80 81 82 59 58
61 58 960.00 380.50 61 60 80 81 82 59 58
61 58 990.00 380.50 61 60 80 81 82 59 58
61 58 1020.00 380.50 61 60 80 81 82 59 58
61 58 1050.00 380.50 61 60 80 81 82 59 58
61 58 1065.00 380.50 61 60 80 81 82 59 58
61 58 1080.00 307.19 61 60 59 58
61 58 1095.00 232.38 61 60 59 58
61 58 1110.00 184.50 61 60 59 58
61 58 1140.00 184.50 61 60 59 58
61 58 1155.00 184.50 61 60 59 58
61 58 1170.00 184.50 61 60 59 58
61 58 1185.00 184.50 61 60 59 58
61 58 1200.00 184.50 61 60 59 58
61 58 1230.00 184.50 61 60 59 58
61 58 1260.00 184.50 61 60 59 58
61 58 1290.00 184.50 61 60 59 58
61 58 1320.00 184.50 61 60 59 58
61 58 1335.00 184.50 61 60 59 58
61 58 1350.00 380.50 61 60 80 81 82 59 58
61 58 1365.00 380.50 61 60 80 81 82 59 58
61 58 1380.00 380.50 61 60 80 81 82 59 58
69 61 330.00 234.00 69 62 61
69 61 345.00 234.00 69 62 61
69 61 360.00 234.00 69 62 61
69 61 375.00 234.00 69 62 61
69 61 390.00 234.00 69 62 61
69 61 405.00 234.00 69 62 61
69 61 420.00 234.00 69 62 61
69 61 430.00 234.00 69 62 61
69 61 440.00 234.00 69 62 61
69 61 450.00 234.00 69 62 61
69 61 460.00 234.00 69 62 61
69 61 470.00 234.00 69 62 61
69 61 500.00 234.00 69 62 61
69 61 530.00 234.00 69 62 61
69 61 540.00 234.00 69 62 61
69 61 550.00 234.00 69 62 61
69 61 560.00 234.00 69 62 61
69 61 570.00 234.00 69 62 61
69 61 660.00 234.00 69 62 61
69 61 690.00 234.00 69 62 61
69 61 720.00 234.00 69 62 61
69 61 750.00 234.00 69 62 61
69 61 780.00 234.00 69 62 61
69 61 810.00 234.00 69 62 61
69 61 840.00 234.00 69 62 61
69 61 870.00 234.00 69 62 61
69 61 900.00 234.00 69 62 61
69 61 915.00 234.00 69 62 61
69 61 930.00 234.00 69 62 61
69 61 940.00 234.00 69 62 61
69 61 950.00 234.00 69 62 61
69 61 960.00 234.00 69 62 61
69 61 990.00 234.00 69 62 61
69 61 1020.00 234.00 69 62 61
69 61 1050.00 234.00 69 62 61
69 61 1065.00 234.00 69 62 61
69 61 1080.00 234.00 69 62 61
69 61 1095.00 234.00 69 62 61
69 61 1110.00 234.00 69 62 61
69 61 1140.00 234.00 69 62 61
69 61 1155.00 234.00 69 62 61
69 61 1170.00 234.00 69 62 61
69 61 1185.00 234.00 69 62 61
69 61 1200.00 234.00 69 62 61
69 61 1230.00 234.00 69 62 61
69 61 1260.00 234.00 69 62 61
69 61 1290.00 234.00 69 62 61
69 61 1320.00 234.00 69 62 61
69 61 1335.00 234.00 69 62 61
69 61 1350.00 234.00 69 62 61
69 61 1365.00 234.00 69 62 61
69 61 1380.00 234.00 69 62 61
7 3 330.00 303.00 7 6 5 22 4 3
7 3 345.00 303.00 7 6 5 22 4 3
7 3 360.00 303.00 7 6 5 22 4 3
7 3 375.00 303.00 7 6 5 22 4 3
7 3 390.00 303.00 7 6 5 22 4 3
7 3 405.00 306.75 7 6 5 22 4 3
7 3 420.00 313.00 7 6 5 22 4 3
7 3 430.00 313.00 7 6 5 22 4 3
7 3 440.00 313.00 7 6 5 22 4 3
7 3 450.00 313.00 7 6 5 22 4 3
7 3 460.00 313.00 7 6 5 22 4 3
7 3 470.00 313.00 7 6 5 22 4 3
7 3 500.00 313.00 7 6 5 22 4 3
7 3 530.00 313.00 7 6 5 22 4 3
7 3 540.00 313.00 7 6 5 22 4 3
7 3 550.00 310.69 7 6 5 22 4 3
7 3 560.00 306.85 7 6 5 22 4 3
7 3 570.00 303.00 7 6 5 22 4 3
7 3 660.00 303.00 7 6 5 22 4 3
7 3 690.00 303.00 7 6 5 22 4 3
7 3 720.00 303.00 7 6 5 22 4 3
7 3 750.00 303.00 7 6 5 22 4 3
7 3 780.00 303.00 7 6 5 22 4 3
7 3 810.00 303.00 7 6 5 22 4 3
7 3 840.00 303.00 7 6 5 22 4 3
7 3 870.00 303.00 7 6 5 22 4 3
7 3 900.00 303.00 7 6 5 22 4 3
7 3 915.00 303.00 7 6 5 22 4 3
7 3 930.00 303.00 7 6 5 22 4 3
7 3 940.00 303.00 7 6 5 22 4 3
7 3 950.00 303.00 7 6 5 22 4 3
7 3 960.00 303.00 7 6 5 22 4 3
7 3 990.00 303.00 7 6 5 22 4 3
7 3 1020.00 303.00 7 6 5 22 4 3
7 3 1050.00 303.00 7 6 5 22 4 3
7 3 1065.00 303.00 7 6 5 22 4 3
7 3 1080.00 303.00 7 6 5 22 4 3
7 3 1095.00 303.00 7 6 5 22 4 3
7 3 1110.00 303.00 7 6 5 22 4 3
7 3 1140.00 303.00 7 6 5 22 4 3
7 3 1155.00 303.00 7 6 5 22 4 3
7 3 1170.00 303.00 7 6 5 22 4 3
7 3 1185.00 303.00 7 6 5 22 4 3
7 3 1200.00 303.00 7 6 5 22 4 3
7 3 1230.00 303.00 7 6 5 22 4 3
7 3 1260.00 303.00 7 6 5 22 4 3
7 3 1290.00 303.00 7 6 5 22 4 3
7 3 1320.00 303.00 7 6 5 22 4 3
7 3 1335.00 303.00 7 6 5 22 4 3
7 3 1350.00 303.00 7 6 5 22 4 3
7 3 1365.00 303.00 7 6 5 22 4 3
7 3 1380.00 303.00 7 6 5 22 4 3
72 69 330.00 176.00 72 71 70 69
72 69 345.00 176.00 72 71 70 69
72 69 360.00 176.00 72 71 70 69
72 69 375.00 176.00 72 71 70 69
72 69 390.00 176.00 72 71 70 69
72 69 405.00 176.00 72 71 70 69
72 69 420.00 176.00 72 71 70 69
72 69 430.00 176.00 72 71 70 69
72 69 440.00 176.00 72 71 70 69
72 69 450.00 176.00 72 71 70 69
72 69 460.00 176.00 72 71 70 69
72 69 470.00 176.00 72 71 70 69
72 69 500.00 176.00 72 71 70 69
72 69 530.00 176.00 72 71 70 69
72 69 540.00 176.00 72 71 70 69
72 69 550.00 176.00 72 71 70 69
72 69 560.00 176.00 72 71 70 69
72 69 570.00 176.00 72 71 70 69
72 69 660.00 176.00 72 71 70 69
72 69 690.00 176.00 72 71 70 69
72 69 720.00 176.00 72 71 70 69
72 69 750.00 176.00 72 71 70 69
72 69 780.00 176.00 72 71 70 69
72 69 810.00 176.00 72 71 70 69
72 69 840.00 176.00 72 71 70 69
72 69 870.00 176.00 72 71 70 69
72 69 900.00 176.00 72 71 70 69
72 69 915.00 176.00 72 71 70 69
72 69 930.00 176.00 72 71 70 69
72 69 940.00 176.00 72 71 70 69
72 69 950.00 176.00 72 71 70 69
72 69 960.00 176.00 72 71 70 69
72 69 990.00 176.00 72 71 70 69
72 69 1020.00 176.00 72 71 70 69
72 69 1050.00 176.00 72 71 70 69
72 69 1065.00 176.00 72 71 70 69
72 69 1080.00 176.00 72 71 70 69
72 69 1095.00 176.00 72 71 70 69
72 69 1110.00 176.00 72 71 70 69
72 69 1140.00 176.00 72 71 70 69
72 69 1155.00 176.00 72 71 70 69
72 69 1170.00 176.00 72 71 70 69
72 69 1185.00 176.00 72 71 70 69
72 69 1200.00 176.00 72 71 70 69
72 69 1230.00 176.00 72 71 70 69
72 69 1260.00 176.00 72 71 70 69
72 69 1290.00 176.00 72 71 70 69
72 69 1320.00 176.00 72 71 70 69
72 69 1335.00 176.00 72 71 70 69
72 69 1350.00 176.00 72 71 70 69
72 69 1365.00 176.00 72 71 70 69
72 69 1380.00 176.00 72 71 70 69
73 72 330.00 82.00 73 72
73 72 345.00 82.00 73 72
73 72 360.00 82.00 73 72
73 72 375.00 82.00 73 72
73 72 390.00 82.00 73 72
73 72 405.00 82.00 73 72
73 72 420.00 82.00 73 72
73 72 430.00 82.00 73 72
73 72 440.00 82.00 73 72
73 72 450.00 82.00 73 72
73 72 460.00 82.00 73 72
73 72 470.00 82.00 73 72
73 72 500.00 82.00 73 72
73 72 530.00 82.00 73 72
73 72 540.00 82.00 73 72
73 72 550.00 82.00 73 72
73 72 560.00 82.00 73 72
73 72 570.00 82.00 73 72
73 72 660.00 82.00 73 72
73 72 690.00 82.00 73 72
73 72 720.00 82.00 73 72
73 72 750.00 82.00 73 72
73 72 780.00 82.00 73 72
73 72 810.00 82.00 73 72
73 72 840.00 82.00 73 72
73 72 870.00 82.00 73 72
73 72 900.00 82.00 73 72
73 72 915.00 82.00 73 72
73 72 930.00 82.00 73 72
73 72 940.00 82.00 73 72
73 72 950.00 82.00 73 72
73 72 960.00 82.00 73 72
73 72 990.00 82.00 73 72
73 72 1020.00 82.00 73 72
73 72 1050.00 82.00 73 72
73 72 1065.00 82.00 73 72
73 72 1080.00 82.00 73 72
73 72 1095.00 82.00 73 72
73 72 1110.00 82.00 73 72
73 72 1140.00 82.00 73 72
73 72 1155.00 82.00 73 72
73 72 1170.00 82.00 73 72
73 72 1185.00 82.00 73 72
73 72 1200.00 82.00 73 72
73 72 1230.00 82.00 73 72
73 72 1260.00 82.00 73 72
73 72 1290.00 82.00 73 72
73 72 1320.00 82.00 73 72
73 72 1335.00 82.00 73 72
73 72 1350.00 82.00 73 72
73 72 1365.00 82.00 73 72
73 72 1380.00 82.00 73 72
74 73 330.00 103.00 74 73
74 73 345.00 103.00 74 73
74 73 360.00 103.00 74 73
74 73 375.00 103.00 74 73
74 73 390.00 103.00 74 73
74 73 405.00 103.00 74 73
74 73 420.00 103.00 74 73
74 73 430.00 103.00 74 73
74 73 440.00 103.00 74 73
74 73 450.00 103.00 74 73
74 73 460.00 103.00 74 73
74 73 470.00 103.00 74 73
74 73 500.00 103.00 74 73
74 73 530.00 103.00 74 73
74 73 540.00 103.00 74 73
74 73 550.00 103.00 74 73
74 73 560.00 103.00 74 73
74 73 570.00 103.00 74 73
74 73 660.00 103.00 74 73
74 73 690.00 103.00 74 73
74 73 720.00 103.00 74 73
74 73 750.00 103.00 74 73
74 73 780.00 103.00 74 73
74 73 810.00 103.00 74 73
74 73 840.00 103.00 74 73
74 73 870.00 103.00 74 73
74 73 900.00 103.00 74 73
74 73 915.00 103.00 74 73
74 73 930.00 103.00 74 73
74 73 940.00 103.00 74 73
74 73 950.00 103.00 74 73
74 73 960.00 103.00 74 73
74 73 990.00 103.00 74 73
74 73 1020.00 103.00 74 73
74 73 1050.00 103.00 74 73
74 73 1065.00 103.00 74 73
74 73 1080.00 103.00 74 73
74 73 1095.00 103.00 74 73
74 73 1110.00 103.00 74 73
74 73 1140.00 103.00 74 73
74 73 1155.00 103.00 74 73
74 73 1170.00 103.00 74 73
74 73 1185.00 103.00 74 73
74 73 1200.00 103.00 74 73
74 73 1230.00 103.00 74 73
74 73 1260.00 103.00 74 73
74 73 1290.00 103.00 74 73
74 73 1320.00 103.00 74 73
74 73 1335.00 103.00 74 73
74 73 1350.00 103.00 74 73
74 73 1365.00 103.00 74 73
74 73 1380.00 103.00 74 73
