1 -4.99919e+008
2 -1.38635e+009
3 -1.69324e+009
4 -1.83885e+009
5 -1.83899e+009
6 -1.839e+009
7 -1.83899e+009
8 -1.83899e+009
9 -1.83899e+009
10 -1.839e+009
11 -1.83899e+009
12 -1.839e+009
13 -1.839e+009
14 -1.83899e+009
15 -1.83899e+009
16 -1.839e+009
17 -1.839e+009
18 -1.83899e+009
19 -1.839e+009
20 -1.83899e+009
21 -1.839e+009
22 -1.83899e+009
23 -1.83901e+009
24 -1.839e+009
25 -1.83899e+009
26 -1.83899e+009
27 -1.839e+009
28 -1.839e+009
29 -1.83899e+009
30 -1.83899e+009
31 -1.83899e+009
32 -1.83899e+009
33 -1.839e+009
34 -1.83899e+009
35 -1.839e+009
36 -1.83901e+009
37 -1.83899e+009
38 -1.83899e+009
39 -1.839e+009
40 -1.839e+009
41 -1.839e+009
42 -1.839e+009
43 -1.839e+009
44 -1.83901e+009
45 -1.83899e+009
