1 3.98149e+006
2 3.83218e+006
3 3.72822e+006
4 3.66058e+006
5 3.60007e+006
6 3.56677e+006
7 3.53132e+006
8 3.49202e+006
9 3.56686e+006
10 3.47833e+006
11 3.41126e+006
12 3.44863e+006
13 3.44636e+006
14 3.39307e+006
15 3.40362e+006
16 3.45276e+006
17 3.36967e+006
18 3.35803e+006
19 3.36173e+006
20 3.39812e+006
21 3.38484e+006
22 3.34007e+006
23 3.30464e+006
24 3.34878e+006
25 3.33283e+006
26 3.35975e+006
27 3.3418e+006
28 3.3069e+006
29 3.30322e+006
30 3.26291e+006
31 3.26309e+006
32 3.25968e+006
33 3.28353e+006
34 3.26223e+006
35 3.26676e+006
36 3.28428e+006
37 3.29084e+006
38 3.27739e+006
39 3.26659e+006
40 3.24606e+006
41 3.26311e+006
42 3.27422e+006
43 3.24828e+006
44 3.25879e+006
45 3.29059e+006
46 3.27685e+006
47 3.25667e+006
48 3.25013e+006
49 3.28787e+006
50 3.28177e+006
51 3.31958e+006
52 3.2752e+006
53 3.37304e+006
54 3.30401e+006
55 3.29454e+006
56 3.22494e+006
57 3.25681e+006
58 3.29465e+006
59 3.26164e+006
60 3.2435e+006
61 3.21189e+006
62 3.21355e+006
63 3.21322e+006
64 3.21121e+006
65 3.21091e+006
66 3.2134e+006
67 3.21087e+006
