1 3.99013e+006
2 3.91623e+006
3 3.71901e+006
4 3.58517e+006
5 3.59234e+006
6 3.6031e+006
7 3.57659e+006
8 3.54819e+006
9 3.60024e+006
10 3.51473e+006
11 3.46694e+006
12 3.41538e+006
13 3.45363e+006
14 3.45409e+006
15 3.44489e+006
16 3.40291e+006
17 3.41153e+006
18 3.41453e+006
19 3.36245e+006
20 3.34131e+006
21 3.33672e+006
22 3.37398e+006
23 3.41892e+006
24 3.35681e+006
25 3.32e+006
26 3.36523e+006
27 3.3566e+006
28 3.3322e+006
29 3.32413e+006
30 3.34657e+006
31 3.34251e+006
32 3.3079e+006
33 3.38084e+006
34 3.36448e+006
35 3.33123e+006
36 3.31334e+006
37 3.32394e+006
38 3.2337e+006
39 3.23861e+006
40 3.23253e+006
41 3.25404e+006
42 3.22173e+006
43 3.24969e+006
44 3.22566e+006
45 3.26569e+006
46 3.22738e+006
47 3.22266e+006
48 3.2329e+006
49 3.22608e+006
50 3.23835e+006
51 3.22088e+006
52 3.23603e+006
53 3.30998e+006
54 3.25968e+006
55 3.21878e+006
56 3.23589e+006
57 3.35622e+006
58 3.29273e+006
59 3.43176e+006
60 3.33295e+006
61 3.29431e+006
62 3.29159e+006
63 3.30691e+006
64 3.33297e+006
65 3.30453e+006
66 3.30887e+006
