1 4.05946e+006
2 3.90703e+006
3 3.84324e+006
4 3.77946e+006
5 3.64677e+006
6 3.55631e+006
7 3.5645e+006
8 3.5561e+006
9 3.53676e+006
10 3.4765e+006
11 3.56602e+006
12 3.4293e+006
13 3.48159e+006
14 3.50161e+006
15 3.42799e+006
16 3.50348e+006
17 3.43684e+006
18 3.411e+006
19 3.44303e+006
20 3.44274e+006
21 3.43455e+006
22 3.36869e+006
23 3.35899e+006
24 3.36713e+006
25 3.33943e+006
26 3.32225e+006
27 3.33683e+006
28 3.31091e+006
29 3.30698e+006
30 3.30944e+006
31 3.28735e+006
32 3.28778e+006
33 3.33328e+006
34 3.31936e+006
35 3.28528e+006
36 3.29544e+006
37 3.42672e+006
38 3.30899e+006
39 3.28804e+006
40 3.29312e+006
41 3.32151e+006
42 3.29336e+006
43 3.30937e+006
44 3.28709e+006
45 3.23264e+006
46 3.24291e+006
47 3.22837e+006
48 3.24352e+006
49 3.24211e+006
50 3.24423e+006
51 3.23259e+006
52 3.23615e+006
53 3.22108e+006
54 3.22588e+006
55 3.22886e+006
56 3.22919e+006
57 3.21937e+006
58 3.22076e+006
59 3.21571e+006
60 3.24213e+006
61 3.2918e+006
62 3.2432e+006
63 3.22794e+006
64 3.2347e+006
65 3.37444e+006
66 3.36771e+006
67 3.29223e+006
