1 4.09051e+006
2 3.9304e+006
3 3.79522e+006
4 3.74926e+006
5 3.75009e+006
6 3.71507e+006
7 3.64937e+006
8 3.58259e+006
9 3.60244e+006
10 3.64192e+006
11 3.62449e+006
12 3.62094e+006
13 3.54498e+006
14 3.53691e+006
15 3.51103e+006
16 3.50617e+006
17 3.50471e+006
18 3.44485e+006
19 3.39207e+006
20 3.35484e+006
21 3.40818e+006
22 3.36064e+006
23 3.33818e+006
24 3.31802e+006
25 3.32418e+006
26 3.35421e+006
27 3.30143e+006
28 3.32623e+006
29 3.3024e+006
30 3.31746e+006
31 3.31033e+006
32 3.29283e+006
33 3.28017e+006
34 3.27323e+006
35 3.25578e+006
36 3.25587e+006
37 3.25469e+006
38 3.26484e+006
39 3.2571e+006
40 3.25674e+006
41 3.25375e+006
42 3.24791e+006
43 3.25699e+006
44 3.23654e+006
45 3.30763e+006
46 3.25483e+006
47 3.26437e+006
48 3.25701e+006
49 3.26998e+006
50 3.2361e+006
51 3.26176e+006
52 3.25978e+006
53 3.23996e+006
54 3.28187e+006
55 3.24886e+006
56 3.31473e+006
57 3.27174e+006
58 3.25527e+006
59 3.26385e+006
60 3.24515e+006
61 3.24164e+006
62 3.23989e+006
63 3.23494e+006
64 3.22783e+006
65 3.23222e+006
66 3.25209e+006
