1 4.14246e+006
2 4.04637e+006
3 3.80326e+006
4 3.67534e+006
5 3.85416e+006
6 3.69781e+006
7 3.6229e+006
8 3.58697e+006
9 3.66943e+006
10 3.57985e+006
11 3.53276e+006
12 3.48845e+006
13 3.50317e+006
14 3.45637e+006
15 3.43113e+006
16 3.42721e+006
17 3.47475e+006
18 3.43662e+006
19 3.4228e+006
20 3.41105e+006
21 3.41421e+006
22 3.42535e+006
23 3.35155e+006
24 3.33713e+006
25 3.31296e+006
26 3.29119e+006
27 3.295e+006
28 3.28064e+006
29 3.29433e+006
30 3.29795e+006
31 3.29065e+006
32 3.27806e+006
33 3.30973e+006
34 3.28042e+006
35 3.28283e+006
36 3.27348e+006
37 3.25684e+006
38 3.24201e+006
39 3.26576e+006
40 3.25615e+006
41 3.23611e+006
42 3.24626e+006
43 3.25271e+006
44 3.25766e+006
45 3.25831e+006
46 3.24911e+006
47 3.26872e+006
48 3.25876e+006
49 3.25328e+006
50 3.25272e+006
51 3.25495e+006
52 3.26873e+006
53 3.2548e+006
54 3.26479e+006
55 3.2639e+006
56 3.24915e+006
57 3.27385e+006
58 3.24631e+006
59 3.2368e+006
60 3.25994e+006
61 3.2451e+006
62 3.23835e+006
63 3.24063e+006
64 3.22417e+006
