1 4.00945e+006
2 3.89742e+006
3 3.76466e+006
4 3.64652e+006
5 3.65058e+006
6 3.59033e+006
7 3.54138e+006
8 3.55027e+006
9 3.56543e+006
10 3.50811e+006
11 3.47169e+006
12 3.4706e+006
13 3.49549e+006
14 3.42482e+006
15 3.3689e+006
16 3.34312e+006
17 3.4251e+006
18 3.38966e+006
19 3.32871e+006
20 3.32242e+006
21 3.3765e+006
22 3.34992e+006
23 3.30788e+006
24 3.31723e+006
25 3.32541e+006
26 3.29891e+006
27 3.29815e+006
28 3.30182e+006
29 3.35239e+006
30 3.31014e+006
31 3.34662e+006
32 3.33283e+006
33 3.3775e+006
34 3.40263e+006
35 3.32611e+006
36 3.40141e+006
37 3.27603e+006
38 3.26163e+006
39 3.24854e+006
40 3.26536e+006
41 3.27596e+006
42 3.24951e+006
43 3.2642e+006
44 3.26154e+006
45 3.27928e+006
46 3.24382e+006
47 3.27312e+006
48 3.25932e+006
49 3.26633e+006
50 3.25682e+006
51 3.25426e+006
52 3.24431e+006
53 3.24197e+006
54 3.25424e+006
55 3.25754e+006
56 3.24747e+006
57 3.24946e+006
58 3.25705e+006
59 3.2349e+006
60 3.25362e+006
61 3.27398e+006
62 3.28933e+006
63 3.32629e+006
64 3.25678e+006
