1 3.93906e+006
2 3.72728e+006
3 3.59674e+006
4 3.56685e+006
5 3.51425e+006
6 3.42672e+006
7 3.35481e+006
8 3.38336e+006
9 3.36077e+006
10 3.34604e+006
11 3.31259e+006
12 3.30291e+006
13 3.42021e+006
14 3.37297e+006
15 3.3476e+006
16 3.37781e+006
17 3.33643e+006
18 3.33267e+006
19 3.30373e+006
20 3.29744e+006
21 3.37852e+006
22 3.29462e+006
23 3.32188e+006
24 3.32405e+006
25 3.29029e+006
26 3.3571e+006
27 3.36804e+006
28 3.31511e+006
29 3.2975e+006
30 3.28965e+006
31 3.28377e+006
32 3.28558e+006
33 3.28238e+006
34 3.28479e+006
35 3.27209e+006
36 3.27504e+006
37 3.26119e+006
38 3.26832e+006
39 3.27443e+006
40 3.2723e+006
41 3.27503e+006
42 3.27169e+006
43 3.274e+006
44 3.2787e+006
45 3.25033e+006
46 3.24764e+006
47 3.24949e+006
48 3.24665e+006
49 3.24357e+006
50 3.23102e+006
51 3.22505e+006
52 3.26115e+006
53 3.24732e+006
54 3.24366e+006
55 3.25589e+006
56 3.25436e+006
57 3.23832e+006
58 3.23831e+006
59 3.25404e+006
60 3.24951e+006
61 3.27154e+006
62 3.24931e+006
63 3.278e+006
64 3.30546e+006
65 3.27891e+006
66 3.24538e+006
67 3.24067e+006
68 3.24084e+006
69 3.34405e+006
70 3.30916e+006
71 3.24738e+006
72 3.23712e+006
73 3.24881e+006
74 3.29168e+006
75 3.29667e+006
76 3.26893e+006
77 3.28076e+006
78 3.28329e+006
79 3.26656e+006
80 3.27092e+006
81 3.28751e+006
82 3.27807e+006
83 3.26143e+006
84 3.22918e+006
85 3.23607e+006
86 3.25305e+006
87 3.26867e+006
88 3.24076e+006
89 3.24769e+006
90 3.23343e+006
91 3.24782e+006
92 3.237e+006
93 3.24239e+006
94 3.23358e+006
95 3.24689e+006
96 3.22521e+006
97 3.24784e+006
98 3.22268e+006
99 3.22901e+006
100 3.22282e+006
101 3.26973e+006
102 3.22465e+006
103 3.22505e+006
104 3.24121e+006
105 3.24992e+006
106 3.22485e+006
107 3.24758e+006
108 3.23023e+006
109 3.25619e+006
110 3.31034e+006
111 3.26372e+006
112 3.31342e+006
113 3.31885e+006
114 3.30675e+006
115 3.21652e+006
116 3.21534e+006
117 3.22353e+006
118 3.22194e+006
119 3.22417e+006
120 3.23026e+006
121 3.23771e+006
122 3.23741e+006
123 3.21944e+006
124 3.23034e+006
125 3.24202e+006
126 3.22059e+006
127 3.23079e+006
128 3.22766e+006
129 3.25627e+006
130 3.21642e+006
131 3.22352e+006
132 3.21203e+006
133 3.28353e+006
134 3.28915e+006
135 3.28037e+006
136 3.24401e+006
137 3.24386e+006
138 3.23038e+006
139 3.24096e+006
140 3.24991e+006
141 3.23077e+006
142 3.25012e+006
143 3.26617e+006
144 3.23796e+006
145 3.23087e+006
146 3.23065e+006
147 3.23363e+006
148 3.21721e+006
149 3.25301e+006
150 3.2598e+006
151 3.23734e+006
152 3.23772e+006
153 3.24371e+006
154 3.249e+006
155 3.22695e+006
156 3.23538e+006
157 3.22494e+006
158 3.24012e+006
159 3.25469e+006
160 3.25631e+006
161 3.22946e+006
162 3.25904e+006
163 3.2443e+006
164 3.23373e+006
165 3.2381e+006
166 3.23615e+006
167 3.23865e+006
168 3.21568e+006
169 3.22282e+006
170 3.25171e+006
171 3.22265e+006
172 3.24131e+006
173 3.23794e+006
174 3.23531e+006
175 3.23109e+006
176 3.26595e+006
177 3.35039e+006
178 3.29621e+006
179 3.2469e+006
180 3.23714e+006
181 3.37739e+006
182 3.33516e+006
183 3.38544e+006
184 3.32659e+006
185 3.28295e+006
186 3.2988e+006
187 3.2211e+006
188 3.23566e+006
189 3.20486e+006
190 3.21857e+006
191 3.21294e+006
192 3.22718e+006
193 3.2148e+006
194 3.25056e+006
195 3.24591e+006
196 3.21812e+006
197 3.20768e+006
198 3.22726e+006
199 3.23231e+006
200 3.22572e+006
201 3.21856e+006
202 3.22145e+006
203 3.23278e+006
204 3.21603e+006
205 3.22104e+006
206 3.23581e+006
207 3.24352e+006
208 3.21501e+006
209 3.21596e+006
210 3.21063e+006
211 3.23799e+006
212 3.23579e+006
213 3.24269e+006
214 3.20998e+006
215 3.21066e+006
216 3.22176e+006
217 3.21802e+006
218 3.21295e+006
219 3.21331e+006
220 3.249e+006
221 3.25756e+006
222 3.23541e+006
223 3.21586e+006
224 3.21075e+006
225 3.26373e+006
226 3.32744e+006
227 3.24421e+006
228 3.29646e+006
229 3.32927e+006
230 3.26283e+006
231 3.25023e+006
232 3.23952e+006
233 3.25631e+006
234 3.23029e+006
235 3.231e+006
236 3.21344e+006
237 3.25458e+006
238 3.24075e+006
239 3.23775e+006
240 3.23024e+006
241 3.24335e+006
242 3.23664e+006
243 3.24113e+006
244 3.22967e+006
245 3.225e+006
246 3.22429e+006
247 3.23448e+006
248 3.23489e+006
249 3.23246e+006
250 3.2323e+006
251 3.23306e+006
252 3.22789e+006
253 3.34574e+006
254 3.24527e+006
255 3.22732e+006
256 3.24766e+006
257 3.30624e+006
258 3.24932e+006
259 3.22303e+006
260 3.24101e+006
261 3.37333e+006
262 3.25931e+006
263 3.27017e+006
264 3.25894e+006
265 3.2081e+006
266 3.22391e+006
267 3.21319e+006
268 3.21058e+006
269 3.22732e+006
270 3.2301e+006
271 3.23264e+006
272 3.20987e+006
273 3.22697e+006
274 3.24062e+006
275 3.22425e+006
276 3.26148e+006
277 3.21909e+006
278 3.21854e+006
279 3.23865e+006
280 3.25565e+006
281 3.25211e+006
282 3.22776e+006
283 3.21032e+006
284 3.24092e+006
285 3.22974e+006
286 3.23505e+006
287 3.22417e+006
288 3.22434e+006
289 3.23576e+006
290 3.22743e+006
291 3.22735e+006
292 3.20978e+006
293 3.23881e+006
294 3.22382e+006
295 3.22418e+006
296 3.20991e+006
297 3.24108e+006
298 3.21046e+006
299 3.21768e+006
300 3.21385e+006
301 3.23208e+006
302 3.22458e+006
303 3.20898e+006
304 3.22496e+006
305 3.21064e+006
306 3.21274e+006
307 3.21293e+006
308 3.23483e+006
309 3.25323e+006
310 3.2224e+006
311 3.25014e+006
312 3.22522e+006
313 3.21618e+006
314 3.25007e+006
315 3.20404e+006
316 3.21345e+006
317 3.22174e+006
318 3.21409e+006
319 3.22445e+006
320 3.24725e+006
321 3.22198e+006
322 3.22052e+006
323 3.22649e+006
324 3.22252e+006
325 3.20784e+006
326 3.23884e+006
327 3.23822e+006
328 3.22538e+006
329 3.22723e+006
330 3.23274e+006
331 3.20791e+006
332 3.21831e+006
333 3.23812e+006
334 3.21562e+006
335 3.21764e+006
336 3.23011e+006
337 3.23282e+006
338 3.2491e+006
339 3.22835e+006
340 3.21799e+006
341 3.22425e+006
342 3.21019e+006
343 3.21679e+006
344 3.21049e+006
345 3.22349e+006
346 3.21022e+006
347 3.22393e+006
348 3.22391e+006
349 3.25258e+006
350 3.23503e+006
351 3.22439e+006
352 3.20451e+006
353 3.20705e+006
354 3.21883e+006
355 3.23253e+006
356 3.21055e+006
357 3.23533e+006
358 3.20499e+006
359 3.22073e+006
360 3.24154e+006
361 3.20486e+006
362 3.22433e+006
363 3.20812e+006
364 3.21105e+006
365 3.23288e+006
366 3.20979e+006
367 3.21303e+006
368 3.2414e+006
369 3.20705e+006
370 3.22204e+006
371 3.22175e+006
372 3.22079e+006
373 3.22108e+006
374 3.2193e+006
375 3.25766e+006
376 3.22483e+006
377 3.22713e+006
378 3.22356e+006
379 3.21283e+006
380 3.22559e+006
381 3.22976e+006
382 3.24203e+006
383 3.2272e+006
384 3.24411e+006
385 3.22435e+006
386 3.2156e+006
387 3.2104e+006
388 3.22195e+006
389 3.22191e+006
390 3.22713e+006
391 3.22677e+006
392 3.21027e+006
393 3.22182e+006
394 3.24417e+006
395 3.22632e+006
396 3.21356e+006
397 3.2243e+006
398 3.213e+006
399 3.21328e+006
400 3.21481e+006
401 3.21887e+006
402 3.24381e+006
403 3.22717e+006
404 3.22761e+006
405 3.23324e+006
406 3.21895e+006
407 3.21352e+006
408 3.23537e+006
409 3.21339e+006
410 3.24378e+006
411 3.20745e+006
412 3.2072e+006
413 3.20702e+006
414 3.22436e+006
415 3.24766e+006
416 3.24106e+006
417 3.21615e+006
418 3.22442e+006
419 3.20982e+006
420 3.20781e+006
421 3.23013e+006
422 3.22384e+006
423 3.21378e+006
424 3.20728e+006
425 3.21288e+006
426 3.22908e+006
427 3.21302e+006
428 3.22928e+006
429 3.22732e+006
430 3.23247e+006
431 3.22498e+006
432 3.23566e+006
433 3.21631e+006
434 3.23283e+006
435 3.21352e+006
436 3.22192e+006
437 3.23487e+006
438 3.20992e+006
439 3.208e+006
440 3.24103e+006
441 3.21282e+006
442 3.20897e+006
443 3.25266e+006
444 3.23544e+006
445 3.21307e+006
446 3.22717e+006
447 3.21495e+006
448 3.23316e+006
449 3.22169e+006
450 3.21017e+006
451 3.22384e+006
452 3.22694e+006
453 3.22691e+006
454 3.22744e+006
455 3.23539e+006
456 3.22696e+006
457 3.24123e+006
458 3.21602e+006
459 3.21015e+006
460 3.24765e+006
461 3.23103e+006
462 3.2417e+006
463 3.22932e+006
464 3.21361e+006
465 3.22968e+006
466 3.25477e+006
467 3.23062e+006
468 3.21533e+006
469 3.20815e+006
470 3.23292e+006
471 3.25481e+006
472 3.23328e+006
473 3.2281e+006
474 3.23852e+006
475 3.21598e+006
476 3.22142e+006
477 3.22413e+006
478 3.21401e+006
479 3.21846e+006
480 3.21799e+006
481 3.22734e+006
482 3.23033e+006
483 3.22999e+006
484 3.22989e+006
485 3.21385e+006
486 3.22514e+006
487 3.23547e+006
488 3.2366e+006
489 3.20728e+006
490 3.23596e+006
491 3.2357e+006
492 3.21334e+006
493 3.23018e+006
494 3.22633e+006
495 3.24908e+006
496 3.24365e+006
497 3.24052e+006
498 3.20485e+006
499 3.2101e+006
500 3.24735e+006
501 3.23264e+006
502 3.23809e+006
503 3.24249e+006
504 3.24739e+006
505 3.21537e+006
506 3.22531e+006
507 3.24965e+006
508 3.2158e+006
509 3.21045e+006
510 3.20985e+006
511 3.2159e+006
512 3.24754e+006
513 3.21349e+006
514 3.23832e+006
515 3.20726e+006
516 3.24401e+006
517 3.2154e+006
518 3.23632e+006
519 3.2303e+006
520 3.21287e+006
521 3.20671e+006
522 3.23865e+006
523 3.22081e+006
524 3.2245e+006
525 3.24144e+006
526 3.22757e+006
527 3.2223e+006
528 3.22124e+006
529 3.23245e+006
530 3.23546e+006
531 3.21057e+006
532 3.20653e+006
533 3.21829e+006
534 3.22097e+006
535 3.22709e+006
536 3.20979e+006
537 3.23896e+006
538 3.21053e+006
539 3.22161e+006
540 3.20847e+006
541 3.22951e+006
542 3.23822e+006
543 3.20784e+006
544 3.21805e+006
545 3.24895e+006
546 3.22655e+006
547 3.24151e+006
548 3.22784e+006
549 3.24641e+006
