1 4.13886e+006
2 3.9697e+006
3 3.8452e+006
4 3.67296e+006
5 3.52969e+006
6 3.49986e+006
7 3.39526e+006
8 3.39081e+006
9 3.43859e+006
10 3.39338e+006
11 3.38202e+006
12 3.34727e+006
13 3.42981e+006
14 3.39578e+006
15 3.40108e+006
16 3.39726e+006
17 3.40484e+006
18 3.39416e+006
19 3.34293e+006
20 3.29089e+006
21 3.39255e+006
22 3.29403e+006
23 3.27703e+006
24 3.27951e+006
25 3.31891e+006
26 3.35291e+006
27 3.30322e+006
28 3.30904e+006
29 3.2953e+006
30 3.31247e+006
31 3.2377e+006
32 3.27049e+006
33 3.29043e+006
34 3.28082e+006
35 3.34057e+006
36 3.25596e+006
37 3.27546e+006
38 3.28672e+006
39 3.28371e+006
40 3.26267e+006
41 3.26282e+006
42 3.24789e+006
43 3.26e+006
44 3.24571e+006
45 3.28066e+006
46 3.26372e+006
47 3.2438e+006
48 3.23793e+006
49 3.25527e+006
50 3.26004e+006
51 3.24154e+006
52 3.29188e+006
53 3.26706e+006
54 3.31453e+006
55 3.29465e+006
56 3.23285e+006
57 3.2388e+006
58 3.23599e+006
59 3.2444e+006
60 3.2414e+006
61 3.24663e+006
62 3.26596e+006
63 3.25246e+006
64 3.2387e+006
65 3.32514e+006
66 3.24195e+006
67 3.27737e+006
68 3.24366e+006
69 3.23752e+006
70 3.21571e+006
71 3.23327e+006
72 3.2511e+006
73 3.25442e+006
74 3.23452e+006
75 3.24538e+006
76 3.25783e+006
77 3.23811e+006
78 3.24033e+006
79 3.28128e+006
80 3.28258e+006
81 3.30746e+006
82 3.33318e+006
83 3.24194e+006
84 3.24297e+006
85 3.35042e+006
86 3.2811e+006
87 3.29262e+006
88 3.35215e+006
89 3.2599e+006
90 3.27693e+006
91 3.26233e+006
92 3.27994e+006
93 3.25846e+006
94 3.25185e+006
95 3.24575e+006
96 3.2496e+006
97 3.26651e+006
98 3.23982e+006
99 3.23447e+006
100 3.27504e+006
101 3.23715e+006
102 3.22285e+006
103 3.2262e+006
104 3.24261e+006
105 3.22531e+006
106 3.2454e+006
107 3.21435e+006
108 3.26169e+006
109 3.2517e+006
110 3.24657e+006
111 3.23882e+006
112 3.24808e+006
113 3.31769e+006
114 3.28458e+006
115 3.24637e+006
116 3.27698e+006
117 3.27983e+006
118 3.27324e+006
119 3.27938e+006
120 3.2416e+006
121 3.2759e+006
122 3.26933e+006
123 3.25884e+006
124 3.26312e+006
125 3.27497e+006
126 3.2319e+006
127 3.23042e+006
128 3.22556e+006
129 3.2215e+006
130 3.22217e+006
131 3.24124e+006
132 3.23042e+006
133 3.28654e+006
134 3.31024e+006
135 3.27533e+006
136 3.26771e+006
137 3.30178e+006
138 3.27999e+006
139 3.24274e+006
140 3.23198e+006
141 3.28632e+006
142 3.30459e+006
143 3.29209e+006
144 3.32152e+006
145 3.28113e+006
146 3.22492e+006
147 3.23456e+006
148 3.22344e+006
149 3.24107e+006
150 3.26437e+006
151 3.2234e+006
152 3.24437e+006
153 3.25417e+006
154 3.25161e+006
155 3.22309e+006
156 3.21734e+006
157 3.22995e+006
158 3.24042e+006
159 3.22345e+006
160 3.23037e+006
161 3.24528e+006
162 3.22362e+006
163 3.24881e+006
164 3.22731e+006
165 3.23295e+006
166 3.23045e+006
167 3.23451e+006
168 3.24706e+006
169 3.23226e+006
170 3.21629e+006
171 3.22792e+006
172 3.2531e+006
173 3.24476e+006
174 3.23973e+006
175 3.2364e+006
176 3.23426e+006
177 3.26607e+006
178 3.24359e+006
179 3.24564e+006
180 3.2409e+006
181 3.27794e+006
182 3.24688e+006
183 3.24553e+006
184 3.22758e+006
185 3.32535e+006
186 3.24929e+006
187 3.25272e+006
188 3.26086e+006
189 3.28251e+006
190 3.31941e+006
191 3.21373e+006
192 3.20721e+006
193 3.21818e+006
194 3.22478e+006
195 3.23622e+006
196 3.23143e+006
197 3.21566e+006
198 3.25794e+006
199 3.20389e+006
200 3.25532e+006
201 3.2206e+006
202 3.22485e+006
203 3.22706e+006
204 3.22724e+006
205 3.2405e+006
206 3.23332e+006
207 3.2249e+006
208 3.24113e+006
209 3.22111e+006
210 3.22418e+006
211 3.21052e+006
212 3.22704e+006
213 3.21035e+006
214 3.23844e+006
215 3.23815e+006
216 3.24474e+006
217 3.23047e+006
218 3.24434e+006
219 3.22041e+006
220 3.24858e+006
221 3.21657e+006
222 3.21071e+006
223 3.21315e+006
224 3.22633e+006
225 3.21375e+006
226 3.26658e+006
227 3.22512e+006
228 3.21082e+006
229 3.28204e+006
230 3.27626e+006
231 3.24239e+006
232 3.21609e+006
233 3.25617e+006
234 3.22385e+006
235 3.22766e+006
236 3.23933e+006
237 3.31132e+006
238 3.30011e+006
239 3.34731e+006
240 3.30503e+006
241 3.28429e+006
242 3.2624e+006
243 3.23856e+006
244 3.23039e+006
245 3.30812e+006
246 3.24543e+006
247 3.29812e+006
248 3.25083e+006
249 3.26461e+006
250 3.29604e+006
251 3.29912e+006
252 3.24418e+006
253 3.2498e+006
254 3.2442e+006
255 3.24972e+006
256 3.2385e+006
257 3.26527e+006
258 3.24455e+006
259 3.25066e+006
260 3.25033e+006
261 3.24414e+006
262 3.23132e+006
263 3.22421e+006
264 3.23372e+006
265 3.22178e+006
266 3.254e+006
267 3.24783e+006
268 3.22048e+006
269 3.26903e+006
270 3.25039e+006
271 3.22973e+006
272 3.24327e+006
273 3.28078e+006
274 3.37806e+006
275 3.27702e+006
276 3.35468e+006
277 3.23009e+006
278 3.23568e+006
279 3.22706e+006
280 3.27223e+006
281 3.24384e+006
282 3.25334e+006
283 3.23604e+006
284 3.21896e+006
285 3.23882e+006
286 3.2553e+006
287 3.21272e+006
288 3.21388e+006
289 3.20793e+006
290 3.21294e+006
291 3.22405e+006
292 3.23805e+006
293 3.20788e+006
294 3.24728e+006
295 3.22127e+006
296 3.24182e+006
297 3.21935e+006
298 3.20962e+006
299 3.21959e+006
300 3.2271e+006
301 3.20492e+006
302 3.21369e+006
303 3.22496e+006
304 3.25011e+006
305 3.21601e+006
306 3.20416e+006
307 3.22404e+006
308 3.21089e+006
309 3.26564e+006
310 3.23284e+006
311 3.21028e+006
312 3.25367e+006
313 3.22996e+006
314 3.20777e+006
315 3.24939e+006
316 3.2158e+006
317 3.22245e+006
318 3.21076e+006
319 3.23598e+006
320 3.24328e+006
321 3.22714e+006
322 3.20817e+006
323 3.23326e+006
324 3.23811e+006
325 3.24452e+006
326 3.21281e+006
327 3.21127e+006
328 3.22431e+006
329 3.20744e+006
330 3.20806e+006
331 3.24172e+006
332 3.20486e+006
333 3.2102e+006
334 3.22127e+006
335 3.2413e+006
336 3.24141e+006
337 3.222e+006
338 3.2337e+006
339 3.23875e+006
340 3.22994e+006
341 3.21929e+006
342 3.23862e+006
343 3.21836e+006
344 3.23515e+006
345 3.24976e+006
346 3.24168e+006
347 3.20758e+006
348 3.24125e+006
349 3.23532e+006
350 3.21316e+006
351 3.24095e+006
352 3.20443e+006
353 3.21043e+006
354 3.22976e+006
355 3.22762e+006
356 3.20765e+006
357 3.23293e+006
358 3.21034e+006
359 3.2325e+006
360 3.23904e+006
361 3.22199e+006
362 3.2388e+006
363 3.21582e+006
364 3.21077e+006
365 3.21955e+006
366 3.26546e+006
367 3.22114e+006
368 3.2236e+006
369 3.22671e+006
370 3.23865e+006
371 3.22745e+006
372 3.22118e+006
373 3.23525e+006
374 3.22438e+006
375 3.2101e+006
376 3.20993e+006
377 3.20765e+006
378 3.24911e+006
379 3.22315e+006
380 3.21251e+006
381 3.26131e+006
382 3.23983e+006
383 3.24445e+006
384 3.20987e+006
385 3.25209e+006
386 3.22903e+006
387 3.20769e+006
388 3.216e+006
389 3.24169e+006
390 3.20795e+006
391 3.23061e+006
392 3.21331e+006
393 3.24911e+006
394 3.21062e+006
395 3.21078e+006
396 3.22956e+006
397 3.22149e+006
398 3.21338e+006
399 3.21236e+006
400 3.22142e+006
401 3.20729e+006
402 3.20725e+006
403 3.21285e+006
404 3.2167e+006
405 3.22139e+006
406 3.21044e+006
407 3.25033e+006
408 3.22818e+006
409 3.23579e+006
410 3.22726e+006
411 3.22712e+006
412 3.21049e+006
413 3.21782e+006
414 3.21535e+006
415 3.22101e+006
416 3.22705e+006
417 3.21316e+006
418 3.23164e+006
419 3.23842e+006
420 3.22723e+006
421 3.22176e+006
422 3.207e+006
423 3.21011e+006
424 3.22601e+006
425 3.20709e+006
426 3.24758e+006
427 3.20726e+006
428 3.23858e+006
429 3.24104e+006
430 3.22947e+006
431 3.27251e+006
432 3.22129e+006
433 3.22085e+006
434 3.20766e+006
435 3.22746e+006
436 3.20883e+006
437 3.23583e+006
438 3.213e+006
439 3.20716e+006
440 3.2131e+006
441 3.22455e+006
442 3.2137e+006
443 3.22407e+006
444 3.24189e+006
445 3.21097e+006
446 3.22411e+006
447 3.24295e+006
448 3.22475e+006
449 3.22428e+006
450 3.21628e+006
451 3.22464e+006
452 3.21371e+006
453 3.23997e+006
454 3.25812e+006
455 3.21857e+006
456 3.24175e+006
457 3.22744e+006
458 3.24415e+006
459 3.25239e+006
460 3.21612e+006
461 3.2133e+006
462 3.2376e+006
463 3.26105e+006
464 3.2209e+006
465 3.23785e+006
466 3.23904e+006
467 3.24131e+006
468 3.2244e+006
469 3.21307e+006
470 3.2245e+006
471 3.20777e+006
472 3.21813e+006
473 3.23896e+006
474 3.22087e+006
475 3.23321e+006
476 3.22352e+006
477 3.20451e+006
478 3.22696e+006
479 3.22395e+006
480 3.21295e+006
481 3.24027e+006
482 3.22461e+006
483 3.23858e+006
484 3.22434e+006
485 3.21861e+006
486 3.21638e+006
487 3.22457e+006
488 3.24366e+006
489 3.23003e+006
490 3.21113e+006
491 3.20399e+006
492 3.21072e+006
493 3.24141e+006
494 3.22989e+006
495 3.21838e+006
496 3.22696e+006
497 3.22575e+006
498 3.24294e+006
499 3.22382e+006
500 3.21105e+006
501 3.22854e+006
502 3.21331e+006
503 3.24176e+006
504 3.22454e+006
505 3.24113e+006
506 3.21006e+006
507 3.21441e+006
508 3.22383e+006
509 3.22864e+006
510 3.21024e+006
511 3.2298e+006
512 3.22136e+006
513 3.23885e+006
514 3.22381e+006
515 3.22146e+006
516 3.2134e+006
517 3.25581e+006
518 3.2558e+006
519 3.25222e+006
520 3.22418e+006
521 3.22508e+006
522 3.22518e+006
523 3.21824e+006
524 3.21497e+006
525 3.23789e+006
526 3.22915e+006
527 3.24066e+006
528 3.22397e+006
529 3.23803e+006
530 3.21595e+006
531 3.23027e+006
532 3.22158e+006
533 3.21056e+006
534 3.21565e+006
535 3.21085e+006
536 3.22451e+006
537 3.2132e+006
538 3.22974e+006
539 3.22943e+006
540 3.22277e+006
541 3.21587e+006
542 3.23822e+006
543 3.21645e+006
544 3.21314e+006
545 3.25503e+006
546 3.22979e+006
547 3.21098e+006
548 3.20771e+006
549 3.24686e+006
