Time: 79.9524

Route: 1, trips count: 112
1109 
1329 
635 
1093 
1380 
817 
863 
1155 
809 
754 
1022 
1104 
514 
1097 
967 
1427 
1164 
755 
798 
1331 
698 
1387 
502 
341 
819 
1278 
1378 
1291 
862 
489 
539 
1189 
1294 
901 
1257 
835 
649 
1332 
1034 
846 
481 
785 
1310 
1007 
789 
643 
1009 
1436 
1108 
992 
1045 
875 
1311
1105 
1156 
724 
748 
573 
409 
983 
1079 
1010 
1044 
1123 
1389 
963 
491 
715 
1283 
1194 
1153 
1376 
1225 
657 
688 
733 
483 
941 
680 
1304 
922 
664 
1438 
1215 
960 
1137 
787 
1056 
530 
1327 
517 
1051 
1182 
1253 
1098 
782 
883 
1042 
770 
1258
987 
551 
1389 
1288 
686 
1427 
535 
1154 
835 
1102 
560 
2 
Fitness function: 3.1967e+006
