384
430
442
448
453
472
475
475
475
475
475
475
475
475
475
475
475
475
475
475
475
475
475
475
475
475
475
475
475
475
475
475
475
475
475
475
475
475
475
475
475
475
475
475
475
476
479
479
484
486
487
487
487
495
495
495
495
495
495
495
495
498
502
502
502
506
507
511
511
514
518
518
518
518
520
520
523
523
524
524
527
527
527
528
531
534
534
534
534
534
534
534
534
534
534
534
534
534
534
534
534
534
534
534
534
534
534
534
534
534
534
534
534
534
534
534
534
534
534
534
534
534
534
534
534
534
534
534
534
534
534
534
534
534
534
534
534
534
534
534
534
534
534
534
534
534
534
534
534
534
534
534
534
534
534
534
534
534
534
534
534
534
534
534
534
534
534
534
534
534
534
534
534
534
534
534
534
534
534
534
534
534
534
534
534
534
534
534
534
534
534
534
534
534
534
534
534
534
534
534
534
534
534
534
534
534
534
535
535
535
535
535
535
535
535
535
535
535
535
535
535
535
535
535
535
535
535
535
535
535
535
535
535
535
535
535
535
535
535
535
535
535
535
535
535
535
535
535
535
535
535
535
535
535
535
535
535
535
535
535
535
535
535
535
535
535
535
535
535
535
535
535
535
535
535
535
536
538
538
538
538
538
538
538
538
538
540
540
540
543
543
544
544
544
544
544
544
544
545
545
545
545
545
545
546
546
546
546
546
547
547
547
547
547
547
547
547
547
547
547
547
547
547
547
547
547
547
547
547
547
547
547
547
547
547
547
547
547
547
547
547
547
547
547
547
547
547
547
547
547
547
547
549
549
549
550
550
550
550
550
550
550
550
550
550
550
550
550
550
550
550
550
550
550
550
550
550
550
550
552
552
552
552
552
552
552
552
552
552
552
552
552
552
552
552
552
552
552
552
552
552
552
552
552
552
552
552
552
552
552
552
552
552
552
552
552
552
552
552
552
552
552
552
552
552
552
552
552
552
552
552
552
552
552
552
552
552
552
552
552
552
552
552
552
552
552
552
552
554
554
554
554
554
554
555
555
555
555
555
555
555
555
555
555
555
555
555
555
555
555
555
555
555
555
555
555
555
555
555
555
555
555
555
555
555
555
555
557
557
557
557
557
557
557
557
557
557
557
557
557
557
557
557
557
557
557
557
557
557
557
557
557
557
557
557
557
557
557
557
557
557
557
557
557
557
557
557
557
557
557
557
557
557
557
557
557
557
557
557
557
557
557
557
557
557
557
557
557
557
557
557
557
557
557
557
557
557
557
557
557
558
558
558
558
558
558
558
558
558
558
558
558
558
558
558
558
558
558
558
558
558
558
558
561
561
561
561
561
561
561
562
562
563
564
564
565
565
565
566
566
566
566
566
566
566
566
566
566
566
566
566
566
566
566
566
566
567
567
567
568
570
570
570
570
570
570
570
572
573
573
574
574
574
575
576
577
577
577
577
577
577
577
577
577
577
577
577
577
577
578
578
578
578
578
578
578
578
578
578
578
578
578
578
578
578
579
579
579
579
579
579
579
579
579
579
579
580
580
581
582
582
582
582
582
582
582
582
582
582
582
583
583
583
583
584
584
584
584
584
586
586
586
586
586
586
586
586
586
586
587
587
587
587
588
589
589
589
589
589
589
589
589
589
589
589
589
589
589
589
589
589
589
589
589
589
589
589
589
589
590
590
590
590
590
590
590
590
590
590
590
590
590
590
590
590
590
590
590
590
590
590
590
590
590
590
590
590
590
590
590
590
590
590
590
590
590
590
590
590
590
590
590
590
590
590
590
590
590
590
590
590
590
590
590
590
590
590
590
590
590
590
590
590
590
590
590
590
590
590
590
590
590
590
591
591
591
591
591
591
591
591
591
591
592
593
593
594
594
594
594
594
594
595
595
596
596
597
597
597
597
597
597
597
597
597
597
597
597
597
597
597
597
597
597
597
597
597
597
597
597
597
597
597
597
597
597
597
597
597
597
597
597
598
598
598
598
598
598
598
598
598
598
598
598
598
598
598
598
598
598
598
598
598
598
598
598
598
598
598
598
598
598
598
598
598
598
598
598
598
598
598
598
598
598
598
598
598
598
598
598
598
598
598
598
598
598
598
598
598
598
598
598
598
598
598
598
598
598
598
598
598
598
598
598
598
599
599
599
599
599
599
599
599
599
599
600
600
600
600
600
600
600
600
600
600
600
600
600
600
600
600
600
600
600
601
601
601
601
601
601
601
601
601
601
601
601
601
601
601
601
601
601
601
601
601
601
601
601
601
601
601
601
601
601
601
601
601
601
601
601
602
602
602
602
602
603
603
603
603
603
603
604
604
604
604
604
604
604
604
604
604
604
604
604
604
604
604
604
604
604
604
604
604
604
604
604
604
604
604
604
604
604
604
604
604
604
604
604
604
604
604
604
604
604
604
604
604
604
604
604
604
604
604
604
604
605
605
605
605
605
605
605
605
605
605
605
605
605
605
605
605
605
605
605
605
605
605
605
605
605
605
605
605
605
605
605
605
605
605
605
605
607
608
608
608
608
608
608
609
609
610
610
610
610
610
610
610
610
610
610
611
611
613
613
614
614
615
615
615
615
615
615
615
616
616
616
616
619
619
619
620
620
620
620
620
620
621
621
621
622
622
622
623
623
624
624
624
625
625
626
626
626
627
627
627
627
627
628
628
629
629
629
629
629
629
629
630
630
631
632
632
632
633
633
633
634
634
635
635
635
635
635
636
636
636
637
637
637
638
638
638
639
639
639
641
641
641
641
641
641
642
642
642
642
642
642
644
645
645
645
645
645
645
646
646
647
647
648
648
649
650
650
650
651
651
651
652
652
652
652
653
653
653
654
654
654
654
654
654
655
657
657
657
657
657
657
657
657
657
657
657
657
658
659
659
660
660
662
662
662
662
662
663
665
666
669
670
673
680
680
682
683
683
683
683
688
688
689
690
692
697
703
708
709
709
709
709
715
718
721
729
729
729
729
730
731
739
741
741
742
745
745
748
750
750
751
751
760
761
761
764
768
770
772
772
779
780
784
784
785
786
789
794
801
802
809
811
811
813
817
818
822
823
823
826
827
829
830
833
833
834
835
835
839
842
844
852
852
853
854
855
858
860
864
868
871
874
875
880
886
887
887
888
892
896
897
899
902
905
905
907
914
917
928
932
934
937
941
941
944
944
945
945
947
947
950
954
961
963
964
964
966
969
969
976
981
982
982
984
988
989
990
996
999
999
1006
1006
1008
1008
1009
1009
1011
1016
1016
1021
1021
1021
1022
1022
1023
1025
1025
1025
1025
1026
1026
1031
1033
1033
1033
1035
1040
1041
1041
1046
1049
1049
1050
1052
1052
1052
1056
1056
1059
1060
1062
1062
1062
1063
1063
1063
1064
1067
1067
1067
1068
1070
1071
1074
1074
1077
1078
1080
1085
1086
1087
1088
1091
1096
1096
1099
1100
1102
1107
1110
1110
1114
1115
1117
1119
1119
1120
1121
1121
1122
1122
1123
1123
1126
1126
1127
1127
1127
1127
1128
1130
1130
1131
1131
1131
1134
1134
1134
1134
1134
1135
1135
1136
1136
1137
1137
1137
1137
1140
1141
1141
1141
1141
1142
1142
1143
1148
1149
1150
1151
1151
1152
1152
1152
1153
1153
1154
1154
1154
1156
1157
1157
1157
1159
1159
1159
1159
1159
1161
1161
1161
1161
1162
1162
1162
1162
1162
1163
1163
1164
1164
1165
1168
1168
1169
1171
1171
1172
1174
1174
1174
1175
1178
1178
1179
1180
1180
1181
1181
1181
1182
1183
1185
1185
1185
1188
1188
1188
1189
1190
1191
1191
1193
1193
1194
1197
1197
1198
1198
1199
1201
1212
1213
1213
1218
1219
1222
1227
1227
1233
1236
1243
1246
1254
1254
1254
1254
1258
1260
1278
1281
1283
1285
1285
1289
1292
1294
1299
1303
1303
1304
1304
1305
1305
1315
1316
1320
1328
1329
1335
1335
1336
1345
1345
1348
1348
1349
1349
1351
1360
1363
1365
1366
1368
1374
1375
1375
1399
1428
1429
1465
1494
386
