Time: 18.1408

Route: 1, trips count: 111
1376
672
1021
1358
680
1041
901
1279
1345
438
504
952
1305
363
1102
907
928
1059
699
377
1109
1264
469
901
395
873
1355
551
1307
432
1275
785
1044
836
616
670
1183
487
902
450
429
1052
984
340
610
1311
1201
958
1061
1339
966
1193
754
834
1342
486
360
1363
1321
812
1103
566
724
959
748
373
1424
563
612
1139
1095
938
991
951
1347
1309
354
944
799
1423
1008
1240
729
824
1389
903
361
1240
1272
1198
1124
1269
1193
516
858
899
1234
657
712
625
483
956
1217
477
1215
1412
1371
367
1296
594
613

Fitness function: 4.09455e+006
